15
12
400 211 132 185 83 49 27 59 54 381 59 100 241 350 102
356 337 233 2 141 153 324 365 157 281 82 156
55 105 151 182 51 125 85 97 206 163 101 159
92 28 37 10 25 112 122 100 81 5 99 73
169 82 33 129 37 137 178 85 51 72 49 55
24 74 23 12 20 18 46 38 42 14 36 3
7 42 48 48 44 42 26 46 48 26 43 10
22 0 2 11 9 19 18 0 4 4 10 16
42 37 51 44 9 57 36 44 11 30 10 39
17 42 38 38 31 10 5 39 3 36 6 30
112 262 331 9 110 225 48 29 367 238 305 148
28 23 43 22 17 3 48 48 22 27 2 18
64 92 15 27 87 12 62 96 47 5 42 81
192 4 195 231 174 199 188 219 96 222 210 93
192 83 131 159 10 284 46 241 137 318 156 300
32 71 6 9 37 33 57 65 72 54 55 35
