15
12
100 64 38 74 35 7 13 62 77 92 64 31 50 44 48
7 35 31 73 86 28 10 81 10 89 44 32
12 35 49 55 7 12 5 14 42 10 2 60
19 19 4 26 20 12 16 7 9 32 10 25
51 7 19 0 58 26 34 13 21 71 20 48
1 9 3 1 21 24 18 7 31 21 13 34
0 2 1 0 5 5 4 1 5 2 1 5
10 1 12 12 3 5 3 4 7 7 6 9
46 6 4 29 5 25 8 27 10 31 10 53
8 59 65 3 61 46 20 75 73 5 42 38
55 82 23 75 14 70 53 62 15 3 53 86
17 60 21 13 21 57 4 33 32 18 20 0
8 10 12 10 22 5 28 14 12 25 8 7
13 25 40 5 1 18 23 10 47 14 36 26
32 23 16 32 36 10 28 9 42 14 18 11
22 34 29 20 14 33 2 41 8 25 23 24
