15
10
200 39 181 155 122 123 120 148 140 100 48 138 99 1 103
137 17 74 79 116 179 25 165 53 103
13 30 18 20 7 4 1 5 14 6
88 141 119 162 173 73 44 112 51 179
55 73 35 70 154 76 113 7 9 148
74 121 79 30 64 78 56 75 45 49
49 56 58 71 73 52 98 66 100 27
87 20 63 103 64 83 109 50 18 86
109 117 143 131 49 24 131 77 116 91
20 32 104 47 103 55 130 11 40 128
93 14 86 72 15 68 56 76 28 92
40 22 9 5 23 5 32 45 6 40
102 103 52 101 29 93 42 1 104 58
88 52 54 18 91 86 79 22 96 3
0 0 0 0 0 0 0 0 0 0
76 79 46 102 12 42 51 58 87 26
