15
12
100 54 70 85 39 2 4 35 34 54 36 54 95 13 3
40 86 49 67 96 81 52 44 58 0 10 18
25 11 52 5 36 23 39 37 9 27 11 1
40 10 13 22 10 28 47 10 42 21 50 3
9 69 57 35 44 8 51 36 70 65 32 21
33 15 29 34 20 28 26 3 13 4 28 17
0 0 1 0 1 1 0 0 1 1 1 1
2 2 2 0 1 2 3 2 1 2 2 2
2 0 12 21 11 26 27 17 13 22 22 25
14 27 2 32 1 16 29 12 3 25 28 3
35 25 12 16 26 46 20 51 3 7 31 52
25 13 4 32 22 23 13 14 15 20 22 33
39 44 12 41 5 47 1 28 47 16 26 40
30 79 72 61 14 64 26 78 60 38 31 63
12 5 7 11 1 12 1 3 3 10 10 0
1 0 1 2 1 2 0 0 1 1 1 2
