15
12
400 92 131 372 102 277 165 216 182 177 334 129 118 143 124
145 350 191 204 214 252 151 355 77 74 211 280
10 70 78 12 23 83 22 70 53 65 36 56
121 124 15 63 55 38 83 65 16 102 106 32
353 321 37 307 338 235 29 104 364 239 92 177
11 5 61 10 75 94 36 53 101 29 30 57
145 201 255 200 246 15 243 172 223 85 67 236
68 147 52 116 56 36 98 95 118 99 154 87
108 41 142 37 175 165 136 65 153 208 135 133
167 93 29 157 163 122 107 16 92 122 8 154
49 97 85 26 140 32 119 150 27 42 0 170
295 186 21 25 21 269 42 150 162 288 1 100
9 72 37 76 102 87 88 73 33 14 97 117
106 103 40 56 26 88 23 93 26 41 71 74
51 46 10 70 109 75 15 16 130 22 24 5
37 96 119 13 14 123 20 95 111 5 120 96
