15
10
400 176 358 94 15 195 168 101 268 360 52 296 79 313 115
251 55 63 124 101 90 20 243 294 222
160 143 164 94 62 148 86 30 125 128
3 309 226 38 134 83 343 324 34 67
75 19 52 53 68 75 71 29 37 53
2 8 12 7 14 2 1 12 1 7
156 97 127 186 2 0 107 81 93 135
115 59 43 146 41 59 82 72 47 132
49 9 42 84 49 12 95 22 50 30
101 228 236 222 222 203 241 118 94 69
23 341 336 262 257 180 149 224 356 56
23 46 42 27 31 25 27 42 50 3
265 160 254 278 276 131 194 149 148 123
2 38 15 44 70 44 39 15 69 13
19 91 3 104 198 79 156 276 31 243
61 100 17 77 35 101 106 62 42 17
