15
12
200 35 90 68 104 14 129 179 41 24 14 21 147 42 85
157 197 1 74 65 78 96 198 4 117 43 7
6 31 13 23 13 32 28 18 34 19 15 16
26 78 69 14 57 33 78 53 40 16 85 47
41 66 35 67 0 59 8 64 38 14 60 50
84 60 63 62 56 63 41 43 70 45 31 64
5 3 0 10 0 7 2 6 3 8 2 1
25 29 115 41 49 77 5 26 89 2 107 124
66 116 54 158 159 59 76 136 5 36 94 142
4 24 29 20 20 13 15 8 13 15 37 24
16 14 10 18 12 10 16 21 3 8 2 2
1 11 10 12 0 1 1 0 8 10 5 11
5 1 5 1 17 18 20 1 19 14 20 16
57 26 105 67 143 134 145 11 98 129 82 18
36 20 28 8 29 2 5 16 1 9 16 38
2 8 35 40 27 35 41 41 34 55 58 48
