15
12
200 173 142 34 75 34 29 140 194 174 160 124 144 13 157
122 60 172 38 10 161 62 124 9 170 112 32
49 35 42 101 38 133 18 130 97 168 80 69
36 117 79 8 141 31 55 119 5 18 52 111
15 24 9 31 8 13 20 28 10 17 29 29
49 69 45 15 36 34 67 53 71 48 57 38
8 1 7 29 32 4 32 24 19 17 1 25
1 24 24 22 27 22 16 12 3 12 9 28
52 51 106 33 11 56 39 71 51 119 9 37
188 68 167 126 137 65 184 124 11 12 110 42
99 81 35 129 17 154 66 32 62 149 161 120
61 118 81 97 98 79 35 157 8 0 75 128
108 72 24 114 117 114 68 87 41 0 73 119
47 33 127 107 40 93 78 82 101 15 100 58
1 3 2 11 0 5 11 2 0 12 7 11
54 136 105 97 74 119 16 29 85 127 68 16
