15
12
100 92 31 72 2 77 65 16 82 77 34 29 18 43 24
45 50 91 4 14 52 51 55 77 74 11 80
10 70 78 12 23 83 22 70 53 65 36 56
5 3 25 7 20 24 24 16 4 2 30 18
53 57 61 31 14 7 41 32 4 47 8 33
1 0 1 0 0 0 1 1 0 1 0 1
38 75 12 10 47 14 3 25 58 20 66 43
23 7 42 41 36 26 8 50 58 14 4 2
7 8 3 15 5 11 6 2 3 5 13 11
51 79 39 3 15 46 5 36 72 34 4 80
11 5 26 65 32 17 15 3 26 39 13 62
7 2 1 29 21 27 32 0 20 20 29 26
22 10 24 16 10 17 24 7 3 5 1 0
16 3 10 10 12 6 1 17 2 9 3 10
37 7 24 16 8 2 19 13 17 22 35 20
9 20 7 17 6 11 12 15 23 5 8 16
