15
12
100 43 20 33 51 54 88 74 3 79 46 85 31 71 3
87 0 18 37 15 33 65 9 72 6 62 19
29 28 39 13 22 11 4 9 10 12 2 6
6 7 4 1 13 18 3 9 4 5 14 7
32 24 27 31 9 25 31 8 17 0 26 2
37 45 31 36 45 0 29 12 47 12 47 41
42 40 4 33 7 48 13 37 18 24 39 24
53 36 55 82 8 48 44 83 76 69 80 60
54 24 58 64 17 13 44 31 46 33 65 10
2 0 2 2 1 0 2 1 0 1 0 0
1 28 65 37 45 50 68 5 76 65 17 31
16 18 3 25 28 13 25 43 43 17 7 40
61 6 76 65 30 65 54 83 70 35 43 44
5 18 7 19 18 6 2 9 2 6 2 0
55 0 6 17 12 34 42 35 69 59 66 14
0 2 0 2 2 1 0 2 1 0 0 2
