15
12
600 24 65 360 122 287 544 170 436 366 535 364 549 102 474
355 423 52 173 498 347 193 296 348 488 193 453
3 13 20 7 23 13 7 13 6 8 22 12
8 50 23 17 64 4 48 32 30 49 47 21
332 358 244 80 356 328 65 50 20 329 4 164
103 76 46 27 71 84 117 69 41 65 48 4
221 243 85 117 5 149 231 127 52 249 170 279
271 222 142 369 493 96 147 118 541 118 166 429
118 2 32 63 117 87 103 111 46 75 162 127
413 195 263 291 311 79 39 342 385 118 284 193
284 294 235 292 308 307 172 122 199 308 343 103
37 90 308 210 292 176 156 420 464 429 108 32
89 166 175 71 225 4 14 299 332 10 91 350
201 117 516 545 305 234 225 191 22 373 526 454
30 15 55 75 89 51 75 37 76 63 90 76
217 259 366 122 234 171 253 178 26 113 280 383
