15
10
600 226 370 409 123 483 315 27 316 538 530 249 577 336 145
171 48 217 473 153 2 376 242 396 195
32 157 62 206 180 119 2 97 24 97
267 166 150 331 47 343 22 129 343 320
371 374 102 40 98 372 43 247 84 88
107 63 39 4 101 39 104 65 15 108
124 480 137 390 418 104 372 154 430 385
217 246 54 110 248 145 58 118 19 63
25 20 22 3 4 10 22 16 19 21
52 178 260 160 193 10 42 160 300 137
50 46 476 530 453 375 294 207 105 50
462 226 254 40 416 356 218 129 119 159
244 175 119 21 84 21 170 19 16 92
191 88 574 545 184 60 259 217 275 522
95 74 297 173 319 141 327 211 38 138
62 37 101 85 44 64 57 46 24 93
