15
10
600 365 36 197 460 478 595 496 514 403 43 130 415 411 237
320 198 390 501 523 161 189 452 449 517
231 221 61 88 317 351 296 161 38 269
6 24 25 3 20 12 19 25 6 9
185 105 98 128 49 85 188 129 124 133
328 18 296 12 402 253 33 214 233 448
19 443 52 6 284 461 345 27 74 256
85 78 467 499 82 233 113 154 277 309
200 197 361 367 494 239 292 353 273 373
113 70 481 277 41 332 114 462 360 107
358 122 301 317 330 142 131 224 250 98
37 7 18 36 16 28 26 28 35 40
90 11 75 44 46 90 45 88 7 75
215 47 37 131 338 185 345 190 269 258
252 5 234 12 15 196 141 158 410 199
68 35 177 9 63 40 10 143 18 195
