15
10
600 188 148 37 182 62 339 213 588 339 161 161 401 517 484
383 264 131 475 434 581 244 536 544 506
181 126 180 56 87 169 106 104 112 141
125 141 89 4 125 38 69 140 1 52
23 36 10 23 8 29 3 3 10 34
93 123 111 97 122 156 50 135 181 137
0 44 28 21 59 6 4 2 58 31
263 186 198 244 273 4 63 258 246 145
117 168 24 181 202 192 103 22 1 177
405 191 343 246 310 354 435 367 78 441
296 88 200 180 29 55 192 99 141 315
145 143 136 97 104 97 146 91 36 58
53 71 110 55 38 73 63 72 60 10
120 204 281 371 304 286 369 337 195 333
36 482 365 499 441 235 170 434 86 204
225 416 276 264 157 2 140 188 383 403
