15
10
400 355 30 218 83 399 6 179 291 66 215 255 36 116 333
15 181 97 89 32 143 22 41 87 187
70 189 266 139 333 151 19 67 148 79
27 25 21 29 23 9 20 19 14 3
113 157 81 1 104 56 181 139 12 129
44 76 65 55 56 52 45 82 66 16
304 38 196 365 232 66 252 341 319 27
0 1 1 0 5 0 4 4 5 3
101 78 11 38 65 128 67 5 31 88
221 182 203 105 276 106 48 283 52 277
27 35 47 33 15 17 49 39 52 23
66 73 192 166 20 44 29 33 25 104
142 243 15 143 186 189 204 64 75 128
20 28 0 18 10 1 7 24 12 16
17 54 66 86 113 79 72 72 12 72
168 56 5 166 84 198 22 190 143 117
