15
10
600 65 505 364 393 447 58 124 487 121 448 539 515 551 84
19 430 373 124 174 141 444 408 270 561
54 6 58 29 7 50 11 64 46 58
177 38 61 147 145 479 280 249 167 281
260 103 294 114 99 354 37 309 361 83
150 208 6 313 273 240 79 343 47 44
442 233 37 205 396 220 319 73 358 156
35 47 35 50 3 16 36 12 38 26
48 8 113 55 91 53 21 15 55 17
479 177 121 78 3 71 338 8 13 99
118 18 24 55 53 27 14 9 81 79
413 372 8 380 436 243 54 314 386 58
120 279 20 226 461 159 126 243 13 100
446 160 122 180 98 420 307 375 265 250
468 535 425 537 173 118 392 96 530 55
12 16 25 23 78 71 73 45 63 62
