15
12
600 464 86 541 90 450 15 485 14 283 554 282 56 120 463
222 129 120 18 471 375 436 196 472 428 286 143
279 133 3 334 247 308 182 439 410 199 178 110
68 14 28 16 76 52 19 0 45 31 43 49
418 2 306 54 274 419 153 153 134 253 527 396
9 30 15 88 87 85 44 64 50 17 36 19
448 120 102 396 276 251 332 312 442 75 282 172
1 8 6 12 12 10 11 14 12 13 7 12
269 133 189 169 186 137 182 71 128 453 414 23
8 13 9 2 5 8 10 6 8 9 7 8
64 56 44 266 109 44 277 63 80 62 270 99
471 289 65 151 447 407 410 411 308 306 46 6
259 15 37 192 42 173 256 31 187 43 204 98
10 51 12 42 50 20 36 39 1 50 22 53
90 22 47 98 66 55 97 72 77 102 19 57
399 300 33 360 365 440 427 183 126 416 123 428
