15
10
600 456 316 429 437 90 53 484 200 5 159 472 587 64 352
456 497 146 331 361 79 313 420 320 76
378 36 112 422 181 238 221 151 232 314
275 188 52 111 306 181 115 250 294 124
105 204 307 413 121 175 42 369 213 247
198 436 292 84 191 407 64 337 65 368
28 0 72 46 66 67 1 45 34 23
44 29 18 13 39 28 40 10 21 5
254 82 175 405 418 363 428 46 374 397
1 152 108 142 55 56 59 147 156 28
1 1 4 0 4 2 2 4 1 3
24 13 7 25 8 3 126 48 86 116
22 195 209 384 216 300 181 436 440 398
191 47 353 86 463 78 480 179 130 124
16 39 33 7 32 37 8 1 29 19
247 6 224 256 280 250 60 265 256 87
