15
12
100 38 38 80 10 77 93 78 30 35 87 9 42 98 41
98 21 49 86 35 97 42 63 90 82 1 62
31 33 9 35 8 30 1 36 29 15 20 12
10 19 26 13 16 33 37 8 20 20 22 18
11 63 27 39 13 13 48 69 27 17 2 58
9 1 2 5 2 9 2 5 2 3 2 6
69 20 67 17 56 46 13 26 65 48 54 75
48 1 14 70 87 73 17 89 91 64 61 19
55 56 27 54 45 47 56 70 20 40 65 31
5 18 12 23 24 25 11 13 0 13 23 26
30 29 16 25 21 26 17 15 30 21 31 34
41 37 32 29 35 17 68 36 9 11 19 18
6 7 1 7 3 5 7 1 7 7 0 6
0 5 20 28 11 12 12 19 37 8 7 32
69 49 49 28 10 24 69 46 27 88 5 40
0 0 33 29 27 24 6 21 35 5 40 15
