15
10
200 56 12 65 87 39 155 144 158 61 197 1 44 65 187
112 81 42 131 132 136 193 189 162 107
40 26 43 54 6 47 53 27 16 40
0 7 1 11 9 5 11 8 2 10
51 31 15 57 54 27 53 37 54 48
17 12 57 60 3 11 0 80 26 5
30 2 27 31 16 38 35 34 18 22
104 145 15 143 149 103 54 143 59 138
25 124 137 30 20 95 55 49 36 86
4 134 124 139 126 32 34 73 102 84
38 13 27 16 26 36 3 23 49 39
167 141 117 105 179 92 170 168 148 41
0 0 0 0 0 0 0 0 0 0
41 3 13 28 10 9 30 23 36 32
25 49 26 11 3 64 64 37 57 47
100 28 182 4 47 161 80 116 51 43
