15
12
600 292 131 372 302 477 165 416 182 377 134 129 318 343 124
545 150 591 204 214 52 551 555 277 74 11 480
66 18 226 20 83 263 110 258 229 33 288 92
121 124 15 63 55 38 83 65 16 102 106 32
353 321 37 307 338 235 29 104 364 239 92 177
177 159 59 284 103 170 248 49 235 79 282 237
473 146 267 192 10 454 52 352 150 456 47 168
68 147 52 116 56 36 98 95 118 99 154 87
28 289 62 333 15 117 336 105 145 272 271 69
167 93 29 157 163 122 107 16 92 122 8 154
350 61 44 331 172 358 160 93 117 77 140 336
71 112 89 73 71 23 100 12 124 96 113 120
9 72 37 76 102 87 88 73 33 14 97 117
250 75 214 268 216 240 139 53 80 309 21 202
278 21 7 69 181 4 169 221 120 41 16 314
37 96 119 13 14 123 20 95 111 5 120 96
