15
10
400 109 347 202 171 359 113 23 270 32 368 372 290 70 143
169 125 159 383 206 66 291 36 184 265
92 20 53 34 11 45 81 39 15 106
237 312 167 288 73 331 340 132 263 169
36 196 26 107 89 79 123 190 193 160
154 73 151 138 84 145 93 109 15 95
231 201 34 16 357 153 246 286 25 338
69 13 60 70 30 39 19 75 39 61
16 16 22 7 13 12 22 16 5 8
197 186 78 191 241 97 179 126 164 192
10 22 10 29 25 7 15 15 1 21
3 198 336 201 92 81 168 53 18 42
151 239 343 199 189 83 278 156 200 201
205 41 155 264 71 186 145 261 49 81
19 61 7 43 4 67 18 45 0 26
31 65 16 28 7 15 132 89 26 25
