15
12
400 24 360 199 113 163 279 240 149 2 317 382 139 386 126
227 300 354 238 178 351 30 263 110 28 279 247
10 0 19 19 18 5 6 15 14 9 21 21
310 284 218 170 87 248 73 269 176 121 334 332
74 141 49 18 175 184 71 57 95 191 61 8
77 74 0 58 103 75 9 56 4 35 54 71
30 3 107 95 137 57 98 75 15 110 129 99
78 165 26 68 205 262 50 123 194 99 21 272
139 215 24 71 81 89 174 11 223 194 157 40
19 86 125 22 122 45 22 138 129 111 42 8
1 1 0 0 1 0 1 0 0 0 0 1
209 47 194 197 91 146 56 213 193 208 251 269
59 269 236 121 75 128 102 160 187 253 69 146
110 23 73 42 26 104 31 44 11 97 35 128
300 87 210 348 155 64 129 94 90 46 36 68
83 122 109 71 99 121 106 92 77 51 46 105
