15
10
400 260 226 361 25 214 374 318 190 237 246 92 280 293 321
4 386 219 290 138 286 388 111 23 71
175 232 242 86 5 253 55 128 107 73
187 55 107 137 32 71 156 146 47 73
84 264 203 207 310 241 356 231 112 42
18 17 5 0 10 10 18 9 15 9
23 121 84 4 58 145 170 94 77 81
161 353 188 163 187 220 254 315 252 360
210 239 153 272 106 23 258 170 207 80
148 12 77 80 22 141 63 183 24 40
205 129 222 83 126 219 6 149 158 84
3 137 20 187 49 86 49 123 227 23
56 88 48 30 43 48 62 56 85 44
36 219 179 173 276 40 14 265 213 137
92 275 138 140 61 152 205 0 34 158
129 212 320 177 236 97 25 239 155 69
