15
12
200 39 118 30 121 146 20 120 194 34 28 148 43 112 199
22 196 183 98 91 2 51 173 18 57 141 138
3 29 13 24 30 32 20 22 12 12 14 35
107 101 51 49 29 30 56 116 99 20 61 16
9 27 27 26 29 10 22 0 15 0 29 0
24 16 117 74 96 23 55 75 37 79 102 66
14 141 124 13 10 122 72 49 56 124 107 84
11 7 11 7 8 5 5 1 11 1 11 10
25 33 61 16 41 95 69 64 73 2 119 112
101 62 129 162 94 52 156 44 30 4 43 157
25 31 10 9 31 21 1 20 30 30 0 12
15 18 1 21 23 3 8 16 18 24 7 18
91 48 128 34 60 54 119 58 77 67 33 13
5 7 7 34 22 29 34 4 17 33 20 23
82 39 51 34 101 28 9 60 101 78 20 107
9 127 134 140 148 9 84 44 198 62 9 128
