15
12
400 311 211 199 51 267 203 197 181 258 378 132 316 380 163
325 347 244 99 394 315 85 62 111 363 135 119
74 35 237 134 137 92 95 229 177 108 272 236
50 149 35 89 134 204 194 139 89 171 88 68
95 160 171 148 37 194 36 134 181 179 22 167
41 17 33 32 46 40 23 18 20 23 46 2
111 22 143 19 98 41 40 264 210 2 204 196
184 30 196 2 117 199 118 25 66 29 85 31
56 4 122 142 50 162 70 124 131 101 66 11
131 25 3 59 46 28 88 9 39 89 22 29
184 107 25 234 209 193 190 1 66 65 186 239
88 179 363 50 233 335 362 366 193 251 140 3
106 73 23 126 15 45 53 73 28 125 21 119
160 151 12 311 13 139 154 261 63 137 255 215
173 195 60 20 56 24 261 59 250 281 349 356
133 33 97 25 121 89 38 63 57 44 39 157
