15
8
600 466 583 472 385 403 336 441 488 496 202 294 477 247 560
440 244 259 269 36 333 107 102
463 156 202 7 461 235 179 419
146 283 275 197 246 52 256 450
95 99 260 314 67 219 221 314
67 62 161 59 26 236 244 33
313 99 5 234 264 280 267 381
46 117 174 156 0 196 74 128
59 342 327 214 76 20 361 316
294 69 45 67 457 65 151 234
194 2 338 214 129 169 130 94
43 143 112 98 74 160 166 60
96 235 253 249 169 223 108 189
197 130 54 330 404 216 296 207
44 241 168 144 146 77 37 120
67 72 522 162 194 44 284 19
