15
12
400 352 259 356 110 234 127 189 37 316 354 58 165 394 350
277 48 46 10 261 250 150 83 222 276 149 390
273 119 311 191 4 77 277 334 79 200 48 292
96 109 256 210 159 5 125 244 63 248 159 181
222 129 119 67 201 192 15 86 226 115 97 80
96 60 44 83 85 36 13 73 45 70 0 32
61 118 223 30 128 49 209 72 122 61 50 92
83 65 80 46 76 37 113 46 77 13 91 13
11 23 13 54 35 69 43 28 30 121 161 121
35 11 24 22 17 27 29 7 10 34 3 22
7 56 71 240 236 44 209 137 140 243 80 150
299 112 226 229 48 343 288 305 19 315 309 345
55 52 0 33 45 37 37 17 8 48 3 39
73 20 31 23 128 52 0 8 162 2 21 33
303 36 345 29 64 356 11 129 261 263 47 380
216 261 258 37 324 206 293 93 269 52 328 301
