15
12
600 349 285 508 545 59 368 231 207 8 215 157 459 185 98
124 454 144 73 212 6 101 288 89 214 465 508
245 214 35 291 193 192 321 80 51 82 144 307
147 216 269 226 110 247 28 69 147 283 69 43
80 218 338 451 298 281 266 36 425 481 163 468
395 265 17 317 506 398 87 472 375 25 46 286
56 20 36 4 37 23 45 15 39 48 8 55
314 175 290 139 3 365 137 111 284 195 324 150
210 45 182 144 127 156 161 214 226 196 152 185
206 101 126 147 124 183 96 122 82 16 87 127
5 0 4 4 7 4 1 1 7 7 6 1
121 126 137 46 93 54 96 60 173 89 151 41
30 124 78 88 151 23 97 19 156 97 73 105
287 435 379 248 441 200 423 234 50 394 206 254
15 132 130 98 155 26 120 141 25 1 112 5
8 12 43 66 59 66 84 50 63 62 72 50
