15
12
600 73 224 512 77 437 212 3 371 336 463 559 132 148 1
321 257 467 4 114 201 54 161 209 470 267 237
68 6 12 72 17 27 27 34 3 12 17 68
217 148 68 131 62 85 48 31 130 17 7 209
308 435 388 45 276 367 260 309 394 358 371 260
56 67 39 4 57 23 18 48 9 46 7 21
271 267 394 354 200 224 17 184 61 188 176 323
165 188 14 98 177 110 100 26 92 138 96 177
1 1 1 1 2 0 2 0 2 0 0 2
179 18 365 316 127 271 204 137 311 206 215 117
68 176 258 235 192 81 283 24 161 171 161 174
202 153 352 354 254 3 356 438 267 286 270 3
453 419 289 19 25 415 337 275 436 176 340 0
10 68 86 21 70 81 44 62 33 42 127 102
140 73 89 10 136 32 113 94 30 47 5 114
0 0 0 0 0 0 0 0 0 0 0 0
