15
10
400 227 30 370 332 243 267 269 279 146 391 106 276 380 315
375 377 119 146 143 244 385 340 353 276
172 156 188 98 210 186 79 78 153 214
28 25 12 13 19 8 9 27 2 7
268 175 339 11 318 345 299 169 351 209
176 164 225 167 217 155 321 90 241 156
53 10 26 95 198 109 122 104 81 215
43 129 96 239 152 56 258 137 256 36
137 129 101 38 18 157 227 101 31 1
149 262 241 108 38 250 182 147 155 82
42 74 59 41 81 70 49 89 18 74
248 187 100 25 215 297 297 16 24 5
16 33 66 105 5 66 53 2 46 50
270 265 159 88 63 111 225 11 130 215
288 121 288 189 356 335 105 60 51 6
226 138 255 72 88 155 289 65 185 153
