20
8
400 82 3 216 364 228 326 392 291 205 60 42 99 263 82 143 177 140 140 373
160 44 256 397 192 350 242 362
0 24 67 44 21 23 24 4
0 2 0 0 1 1 2 2
96 19 199 18 196 204 31 188
294 197 72 263 323 145 32 332
48 1 180 84 2 4 135 52
84 53 189 267 158 51 65 147
278 253 82 186 147 154 16 388
143 282 224 148 34 137 287 226
130 149 94 11 6 137 13 16
38 46 9 5 43 45 38 6
11 30 22 39 23 33 2 17
33 13 54 78 14 1 93 80
231 72 144 231 136 116 52 151
73 4 49 63 30 8 70 23
36 134 138 47 56 12 67 50
69 51 2 26 155 88 85 76
132 6 14 19 104 28 29 16
105 110 106 76 19 124 26 14
205 353 252 362 333 11 169 125
