20
8
400 193 15 36 83 246 198 389 340 330 300 115 312 289 265 61 258 237 114 61
372 321 247 242 370 136 297 239
48 151 146 29 13 160 49 120
4 8 5 13 10 8 0 9
27 33 22 1 11 23 28 33
66 46 63 27 26 66 4 45
101 213 123 22 244 52 44 241
86 126 45 43 85 156 88 77
291 242 26 13 17 354 333 153
205 24 132 42 176 142 7 282
304 253 316 266 34 182 166 216
229 259 197 259 175 272 66 10
93 33 89 38 106 26 98 79
217 234 264 61 125 274 72 287
57 102 178 72 159 116 260 58
219 137 216 78 219 177 201 6
25 34 1 51 16 55 60 18
125 58 41 70 115 133 192 157
62 169 109 94 107 112 200 118
74 110 83 103 113 59 88 83
34 29 37 50 3 53 43 37
