20
8
200 20 160 189 94 200 98 13 51 24 76 57 156 179 134 95 155 127 167 5
21 185 115 123 184 151 17 143
5 18 19 3 8 9 14 9
56 83 78 95 97 28 70 69
16 127 101 75 36 182 173 154
34 64 1 39 56 4 24 13
188 104 50 163 146 193 66 109
70 21 52 49 52 36 39 94
11 11 2 11 0 1 3 2
6 32 46 0 32 31 44 15
3 11 10 14 6 1 1 3
23 57 7 18 66 19 32 38
38 0 12 16 26 6 28 21
90 100 13 91 53 3 17 97
166 21 20 158 95 43 87 12
4 4 45 19 50 130 41 120
18 6 77 35 78 68 4 11
3 18 5 111 67 142 108 108
17 38 105 100 97 70 99 126
122 99 96 98 156 14 157 42
3 2 3 3 0 1 3 4
