20
10
100 26 8 31 12 93 37 38 89 82 62 53 93 36 54 50 46 8 68 1
32 59 67 33 74 32 99 62 8 99
11 5 21 5 0 13 4 5 9 18
3 0 3 5 4 4 2 1 6 2
24 1 8 5 22 9 3 20 11 17
4 0 2 3 7 9 5 4 3 7
87 3 59 57 39 59 48 55 40 81
13 35 1 12 28 20 24 11 0 17
29 10 0 5 3 26 16 20 36 21
10 25 18 65 65 15 76 86 63 4
6 67 81 7 16 6 52 6 9 66
30 19 54 8 29 54 38 40 43 0
3 7 12 47 26 52 14 12 1 34
34 75 3 20 81 12 47 36 78 61
15 17 19 34 28 19 6 24 12 19
6 33 14 22 15 41 19 48 7 3
32 47 15 3 0 11 12 25 19 42
18 15 9 11 4 33 1 12 13 7
0 1 6 2 6 1 0 4 1 0
26 23 11 67 60 64 1 56 1 11
0 0 0 0 0 0 0 0 0 0
