20
10
100 8 49 30 59 45 77 95 77 53 68 26 87 73 15 42 54 97 74 60
5 76 31 1 87 60 3 39 93 55
5 0 0 2 7 1 4 3 6 6
44 20 37 41 40 21 40 13 35 13
22 22 10 0 12 25 19 11 8 23
10 18 15 57 23 10 47 18 16 37
7 43 44 27 15 33 35 6 14 6
17 8 54 47 12 68 52 11 25 58
3 69 27 16 45 35 44 86 41 87
28 39 40 20 41 41 18 14 40 73
24 6 42 47 41 14 33 31 48 49
39 24 5 24 18 49 0 17 41 30
5 24 7 20 1 23 9 4 7 10
85 71 0 64 51 25 25 62 47 37
16 24 4 36 21 49 6 42 23 62
7 8 6 7 8 5 6 13 8 7
21 27 8 40 40 6 33 24 3 4
17 31 45 16 44 23 22 16 5 39
65 25 7 60 17 26 14 29 52 73
60 34 38 15 15 9 52 33 15 63
43 51 39 59 4 1 27 30 4 54
