20
8
600 239 421 323 145 585 354 242 458 110 200 396 32 16 214 586 289 480 188 57
441 518 339 228 538 122 436 79
177 166 173 62 135 9 225 36
74 26 18 231 16 88 273 241
128 60 289 129 71 141 299 275
86 50 8 110 10 104 82 107
513 288 508 52 439 245 309 533
40 331 170 261 144 160 45 321
40 173 193 218 193 89 64 166
390 290 62 313 338 420 119 311
24 22 1 47 105 107 44 80
72 20 174 1 128 20 82 103
285 341 102 339 133 266 352 239
2 0 26 25 18 21 28 12
13 1 11 4 11 9 12 0
86 44 96 201 198 62 122 131
464 53 167 450 413 218 73 284
20 31 70 159 115 255 19 113
467 23 289 198 209 183 247 316
39 182 182 147 38 113 88 2
41 40 21 28 20 10 55 0
