20
8
100 74 16 4 21 46 47 41 73 51 42 46 85 42 60 40 48 52 38 36
96 43 20 43 6 41 33 28
35 28 63 9 38 12 45 42
9 6 6 3 11 13 11 2
1 0 3 0 2 0 1 3
18 2 14 4 6 13 10 20
41 7 11 20 32 41 23 34
45 37 30 32 46 20 31 27
15 7 15 7 6 15 16 4
49 18 24 48 11 13 56 15
26 26 48 49 0 37 16 6
11 22 17 2 28 40 3 21
28 41 44 37 1 18 45 9
33 60 55 58 22 26 41 37
28 28 23 17 27 2 2 20
16 30 56 53 43 11 32 0
6 34 4 32 5 16 27 9
18 6 22 27 16 33 24 22
13 42 9 37 33 20 30 17
14 27 26 30 2 11 32 20
34 10 25 17 17 23 22 24
