20
10
600 7 387 65 489 113 535 8 424 600 440 527 321 217 256 352 240 600 445 258
15 251 580 578 555 554 164 246 366 149
0 3 5 2 3 1 4 3 2 0
311 10 62 73 268 303 183 88 220 52
56 7 4 35 47 64 25 53 48 21
108 319 420 436 10 382 460 465 379 45
46 36 81 71 72 64 37 26 62 11
469 253 525 351 363 517 119 408 88 356
2 2 7 2 1 2 4 7 1 7
292 423 139 109 341 417 273 103 360 214
472 218 49 102 29 557 552 514 451 434
256 19 409 190 44 205 108 230 249 126
480 4 469 355 473 452 362 439 146 382
193 74 36 74 38 213 212 39 271 20
182 116 170 167 137 58 169 9 139 86
136 51 203 63 94 136 7 170 83 227
124 122 162 168 273 331 14 148 138 40
209 86 220 159 4 226 231 39 189 52
475 350 37 62 104 194 297 36 481 427
178 183 294 213 435 361 251 107 180 412
30 196 65 34 82 142 130 244 87 9
