20
10
400 93 221 152 302 37 70 232 2 28 125 8 204 150 227 293 286 298 368 30
270 9 155 22 74 393 328 359 278 32
75 84 59 14 69 20 10 53 34 60
129 120 220 149 6 5 212 11 81 186
56 51 33 139 5 98 50 123 122 131
266 94 141 79 235 234 157 274 219 194
16 11 35 0 7 22 15 11 4 20
50 9 3 39 10 19 18 62 9 49
36 190 23 225 90 151 36 125 166 39
1 1 0 1 0 1 0 1 0 0
6 24 15 9 27 11 12 8 2 19
60 25 83 109 45 90 65 21 71 15
1 1 2 3 5 6 4 6 4 7
123 116 111 50 39 1 17 72 48 91
142 66 22 93 53 50 112 83 16 35
209 177 103 40 108 135 88 100 208 211
145 176 5 193 0 211 230 1 132 134
268 280 19 15 252 223 65 110 134 20
222 219 10 26 192 23 37 287 108 111
268 240 193 155 195 126 336 12 269 68
20 16 19 19 25 21 23 15 4 15
