20
10
600 277 295 403 448 92 297 415 519 352 317 570 288 334 486 570 321 104 6 176
259 304 590 282 488 364 364 297 35 399
250 178 171 242 108 186 263 236 101 56
154 72 118 152 157 82 204 145 249 152
12 144 154 192 302 309 250 383 92 212
285 387 153 258 345 249 208 341 23 264
84 54 56 25 51 18 39 29 74 55
200 226 175 259 262 119 187 272 148 147
214 300 387 297 253 373 376 389 287 247
159 474 373 134 251 97 144 137 123 17
96 140 262 333 296 85 28 295 209 321
136 290 295 9 109 74 43 293 102 205
295 20 22 469 316 367 229 186 183 445
60 204 120 221 48 60 34 15 206 269
5 19 107 292 40 10 303 216 181 262
83 323 426 43 276 361 351 423 177 97
134 415 100 87 528 106 517 100 81 537
49 185 46 60 51 275 69 194 215 214
37 88 22 77 18 6 17 27 61 8
3 5 5 0 0 4 3 5 1 3
147 166 161 12 47 132 32 163 120 81
