20
10
600 399 80 20 413 580 20 170 375 142 123 262 253 348 193 241 329 485 92 420
211 3 44 565 300 377 515 533 514 230
287 12 293 380 180 164 227 29 65 39
32 0 64 58 65 35 46 39 28 29
14 0 11 18 18 15 0 9 0 11
45 138 39 80 33 55 122 129 340 43
81 447 167 82 146 432 480 506 386 357
0 17 2 0 3 1 16 13 18 18
107 160 23 59 9 95 47 122 58 56
130 272 242 134 117 283 57 106 170 95
48 19 45 105 6 129 56 2 64 114
69 12 23 84 41 95 90 7 95 105
139 52 213 116 127 172 44 233 109 51
27 5 51 251 158 49 132 75 43 149
74 42 118 301 299 249 264 239 194 41
107 74 37 54 134 15 151 180 70 69
181 14 124 232 136 7 129 195 144 198
111 60 280 28 222 194 22 189 280 127
92 483 242 461 185 29 32 319 144 214
49 15 48 41 82 31 6 62 52 29
10 343 309 297 82 73 73 370 119 378
