20
10
400 216 141 195 385 244 379 352 76 59 154 172 207 217 186 303 287 81 101 189
267 373 311 68 14 274 75 293 258 376
146 181 111 130 21 88 97 205 131 57
83 49 112 4 53 36 5 34 36 10
82 9 63 82 84 187 63 189 137 164
362 176 172 307 118 306 331 77 39 36
123 27 193 55 174 234 15 134 132 174
80 21 305 203 347 178 161 276 49 290
163 183 130 164 176 62 208 56 202 240
65 71 44 58 12 16 46 58 33 71
39 20 19 32 21 12 53 13 11 41
128 30 44 34 30 124 123 70 27 143
14 7 117 94 33 161 113 20 51 82
171 45 74 194 107 71 187 27 80 116
55 32 70 19 138 159 118 117 11 143
114 173 77 161 138 96 8 80 58 92
223 122 18 53 27 169 133 275 175 145
221 158 279 107 10 108 148 215 262 240
70 11 9 9 35 8 32 50 40 76
44 23 100 100 28 42 83 84 20 27
163 117 3 107 80 124 97 155 72 89
