20
10
400 84 19 338 237 144 134 136 252 308 157 241 92 53 380 109 203 151 112 232
196 207 35 387 374 298 257 131 340 261
17 14 31 79 9 6 46 29 37 37
8 9 1 10 7 14 12 10 16 0
296 219 188 33 287 281 274 118 249 116
29 123 121 193 4 37 93 174 82 150
27 89 47 19 109 87 2 138 45 4
120 11 55 115 39 27 112 85 82 82
109 56 68 109 118 22 62 64 12 40
37 122 63 199 35 17 189 124 25 0
300 137 243 216 35 161 274 21 90 282
4 101 151 5 16 73 70 54 128 27
25 174 49 36 203 164 153 27 74 173
52 71 21 21 70 77 25 70 84 38
52 40 3 8 42 46 42 42 14 46
268 251 272 347 126 86 313 117 237 36
6 81 96 61 57 88 67 64 99 85
166 88 184 151 183 174 149 137 187 82
150 72 84 24 43 71 64 105 18 44
107 17 75 61 27 1 65 90 100 65
77 54 222 179 96 203 71 58 113 201
