20
8
400 329 110 255 17 98 252 344 268 9 241 185 303 8 273 99 232 347 73 223
14 95 348 381 323 266 236 186
287 113 148 165 149 242 203 225
25 109 42 69 46 67 97 8
118 84 92 218 106 160 18 34
10 14 7 13 3 12 6 14
38 38 94 94 1 82 77 56
246 53 59 71 111 187 99 82
192 217 42 224 317 177 142 283
29 160 183 10 245 142 116 162
3 1 5 2 0 7 5 1
51 177 121 177 109 3 5 64
178 128 178 93 9 83 177 160
58 132 108 23 35 106 108 202
1 2 7 6 4 2 2 0
257 272 130 124 195 232 12 211
71 23 65 17 33 9 40 62
106 45 193 33 72 201 204 134
303 139 208 222 48 306 126 121
22 19 47 11 29 51 27 15
118 44 22 26 9 126 41 214
