20
10
100 92 31 72 2 77 65 16 82 77 34 29 18 43 24 46 51 92 5 15
52 51 55 77 74 11 80 74 2 66
12 23 83 22 70 53 65 36 56 37
3 25 7 20 24 24 16 4 2 30
15 53 57 61 31 14 7 41 32 4
0 1 1 1 0 1 0 0 0 1
60 11 45 38 50 38 75 12 10 47
37 11 4 11 4 1 14 23 7 42
0 15 1 0 10 3 11 11 5 7
71 30 39 21 49 68 7 79 0 35
5 6 9 29 73 37 38 65 65 71
16 6 28 16 23 27 17 25 10 19
6 1 19 24 17 25 25 11 5 24
7 16 12 6 16 9 8 15 0 13
33 16 1 2 30 33 14 11 31 3
3 10 22 0 6 7 23 8 21 9
2 20 4 16 23 43 27 25 29 35
45 3 4 3 47 22 38 30 23 33
79 7 73 60 60 26 82 6 82 86
2 1 0 2 2 1 0 4 2 0
2 9 14 14 0 5 7 1 8 0
