20
10
100 99 27 88 20 88 50 43 60 1 5 51 53 16 48 100 71 34 36 59
22 90 40 21 10 59 70 82 57 24
1 92 29 91 10 3 72 62 25 71
21 18 3 26 4 25 6 0 23 8
80 43 61 9 49 14 30 70 42 77
5 8 1 15 14 16 10 14 7 6
54 26 64 10 40 77 74 43 78 30
24 17 18 40 20 38 36 4 19 35
41 20 3 42 28 28 2 40 39 0
24 17 35 4 37 57 45 31 26 59
0 0 0 0 0 0 0 0 0 0
3 0 1 1 1 3 0 2 1 2
26 43 32 5 25 48 14 43 19 47
33 25 13 6 20 12 11 9 18 23
14 11 11 11 7 15 8 11 1 5
3 1 46 0 26 6 10 18 24 11
2 51 80 95 14 45 28 72 47 41
8 54 56 68 45 60 53 21 51 46
32 5 24 19 32 14 25 6 2 30
34 30 31 2 35 30 15 33 27 2
17 56 23 32 35 47 43 36 42 33
