20
8
600 421 543 56 170 494 491 10 471 518 50 559 504 143 58 529 369 408 113 529
148 184 490 23 177 61 305 371
178 75 347 151 30 411 120 70
235 179 538 56 15 430 101 260
29 18 5 36 14 39 22 31
138 129 64 130 109 101 159 90
104 439 95 287 31 19 26 65
325 203 283 69 151 200 451 396
1 1 4 1 4 1 3 3
343 109 39 52 20 415 395 287
3 108 211 369 70 179 306 453
44 39 17 11 33 18 14 9
547 14 39 223 2 349 138 498
305 392 423 14 129 357 475 386
45 103 113 117 16 40 109 105
38 8 37 2 12 18 21 15
77 316 512 171 21 463 384 461
247 353 201 175 86 264 128 325
90 202 254 384 316 89 313 79
94 87 82 70 35 8 97 0
2 472 42 47 134 313 496 194
