20
10
400 195 39 50 53 8 78 19 132 279 344 394 174 342 10 367 368 208 355 283
331 184 297 171 226 399 339 152 332 348
118 125 16 146 30 151 188 90 131 118
1 24 31 1 25 22 10 18 9 12
21 0 37 39 16 44 19 46 12 47
6 19 20 19 23 35 11 52 41 50
3 1 2 0 0 6 7 3 7 6
8 62 0 51 21 67 70 51 71 31
11 1 17 13 2 16 15 17 16 12
90 52 90 59 116 97 63 1 56 90
94 248 210 249 40 90 50 225 213 229
88 97 49 4 260 194 12 200 323 179
271 124 303 251 388 226 340 293 199 298
113 38 58 151 163 62 126 27 81 19
24 143 229 306 271 230 274 198 236 240
0 7 2 0 9 4 1 9 3 1
11 348 125 309 278 238 113 6 145 215
20 180 30 173 36 90 3 315 312 93
128 63 171 164 0 39 71 194 45 191
88 285 96 103 350 353 81 212 178 276
179 251 169 161 73 125 71 101 159 12
