20
8
400 17 54 28 23 59 394 316 192 215 377 261 249 153 136 344 198 332 201 285
308 301 89 339 109 26 27 37
10 6 11 3 11 3 1 7
29 53 0 49 29 36 46 46
27 22 17 7 0 10 17 16
19 2 5 22 8 14 17 20
51 16 27 28 30 31 56 42
140 322 365 237 147 373 98 314
219 218 35 305 297 189 118 223
115 112 137 91 121 170 1 70
173 31 168 3 53 105 68 79
252 329 277 237 170 68 169 95
38 136 229 66 215 0 46 1
31 51 134 177 168 139 25 220
97 128 70 102 131 72 65 109
37 47 26 109 119 99 95 52
197 268 202 13 326 330 66 86
30 185 194 10 159 77 61 0
286 127 89 130 220 230 17 303
139 28 197 97 27 0 184 83
210 113 130 139 118 92 24 50
