20
8
400 162 189 35 63 240 235 212 105 145 289 27 307 25 189 173 101 162 223 142
398 291 115 347 112 163 315 84
1 19 66 9 138 27 133 3
100 176 69 121 28 115 40 7
0 28 25 13 17 6 30 32
26 33 46 17 35 25 43 2
30 212 216 190 61 132 83 91
191 90 169 3 16 202 123 26
34 79 145 126 134 90 22 16
1 103 28 88 41 35 53 49
47 111 110 98 37 81 10 55
194 246 241 0 69 248 214 122
18 22 20 9 0 1 10 2
168 159 306 177 174 104 175 103
19 21 10 23 3 3 23 20
6 185 166 164 172 179 127 74
97 58 136 76 24 86 19 128
65 63 95 77 91 66 46 98
121 146 136 143 159 63 25 29
162 57 109 170 152 153 50 29
23 78 10 54 61 15 27 10
