20
8
200 197 162 21 150 73 13 42 120 151 137 66 188 65 177 117 88 126 185 18
150 32 189 157 107 72 149 150
16 127 87 147 125 156 98 108
10 134 72 0 116 49 158 16
17 1 2 1 12 19 7 9
58 32 122 132 25 86 145 147
31 62 6 24 39 71 53 34
7 1 2 11 0 6 12 6
33 29 12 28 30 9 35 3
0 31 99 37 69 5 50 116
39 67 22 78 64 93 72 82
92 45 58 117 72 14 1 70
19 65 38 52 49 52 37 46
78 107 62 106 131 182 66 32
14 44 58 54 22 37 40 2
71 49 5 159 49 58 67 150
90 20 105 80 61 103 5 46
41 58 77 33 71 32 52 64
25 117 43 16 62 38 77 16
68 115 4 35 76 82 138 45
0 6 15 7 6 16 3 12
