20
10
400 106 213 352 104 103 239 192 246 268 128 17 238 52 327 120 11 334 171 235
170 207 99 318 366 296 134 378 186 241
77 73 18 19 3 67 99 75 6 18
98 126 26 117 91 3 12 1 35 208
55 214 260 185 133 60 125 289 231 346
19 11 34 28 86 102 73 59 34 38
7 91 18 3 52 102 32 33 46 61
236 6 175 124 228 181 89 136 170 192
2 149 14 135 80 20 54 105 46 65
67 32 215 76 204 109 17 178 220 152
154 144 243 20 39 250 21 11 79 36
86 81 124 16 127 91 24 56 31 126
16 0 14 16 13 7 3 7 16 16
85 216 35 49 110 8 186 203 89 227
39 27 25 16 0 32 22 25 49 48
166 139 133 310 45 272 125 132 157 177
40 90 76 17 0 70 117 90 53 91
3 6 7 6 1 4 9 8 6 6
110 27 123 301 70 308 59 305 285 90
161 46 144 127 48 9 170 51 101 160
231 55 17 147 120 217 151 207 86 64
