20
10
200 34 8 129 194 102 57 110 59 80 61 46 28 9 141 73 2 152 149 195
151 36 66 165 112 53 182 84 120 138
32 5 0 27 9 14 2 22 25 24
0 0 4 7 1 5 0 0 2 0
32 5 2 124 59 107 24 86 99 124
107 164 25 157 52 94 78 1 9 88
19 5 1 80 57 68 92 23 57 39
5 44 37 20 0 25 54 26 40 31
98 35 20 20 96 100 30 19 1 1
37 40 5 12 57 25 4 27 41 42
4 55 46 63 45 48 27 13 40 66
26 47 1 48 29 56 57 58 17 26
11 10 19 6 43 12 35 14 17 26
21 6 3 27 12 8 4 6 4 1
6 8 5 1 4 4 5 4 3 6
80 38 93 96 103 31 17 98 110 51
13 16 68 15 11 7 59 22 72 58
1 0 1 0 1 1 1 0 0 1
56 53 93 35 99 108 77 123 119 59
50 113 69 14 142 26 102 130 134 44
142 85 67 86 112 99 149 35 56 123
