20
8
200 82 137 128 158 111 100 157 129 157 122 109 99 103 125 30 64 170 124 44
166 140 192 72 188 94 197 29
39 74 58 20 31 51 58 29
12 91 86 133 49 81 99 95
36 91 62 3 60 32 119 63
108 18 107 91 6 114 94 71
100 80 53 13 89 48 19 86
58 15 38 8 68 25 43 66
85 139 24 138 31 65 136 142
126 47 70 37 102 10 108 44
31 121 54 7 119 15 11 5
41 40 62 50 93 119 38 96
36 32 41 62 85 38 58 49
13 19 98 7 12 6 3 5
92 48 19 51 50 96 83 24
69 7 119 65 35 39 54 95
28 25 24 13 13 22 7 13
25 20 22 13 29 15 23 57
43 10 156 57 117 129 131 50
88 108 0 101 1 29 83 18
15 33 0 0 6 28 18 5
