20
10
100 20 65 94 99 14 40 75 55 81 71 93 34 54 19 21 54 7 4 85
92 80 85 39 53 1 64 52 60 32
8 6 11 9 11 17 13 11 5 11
31 14 18 45 24 2 43 20 34 4
56 53 14 88 24 93 86 82 17 77
33 4 35 16 63 51 56 80 73 56
3 8 8 3 10 8 4 1 8 5
19 4 22 19 38 36 34 32 32 35
39 69 54 8 25 8 14 44 31 41
5 16 31 27 37 39 37 40 5 23
7 44 39 77 71 65 11 15 4 62
66 10 57 31 58 44 69 24 66 0
91 80 63 86 59 43 63 14 89 40
20 33 27 23 1 27 17 7 26 6
12 22 43 15 34 37 39 6 25 13
12 16 14 3 8 4 9 13 4 1
10 3 10 18 7 2 17 15 10 0
8 51 17 6 8 1 8 38 15 4
5 2 1 4 2 4 0 6 2 0
0 2 0 1 0 1 3 2 1 0
47 62 18 19 25 17 67 57 39 65
