20
10
200 2 12 32 35 16 107 200 32 198 4 111 87 3 170 175 8 90 178 198
35 179 53 31 7 70 191 76 106 133
0 1 0 1 1 1 0 0 0 1
8 0 10 0 2 1 8 7 7 8
11 19 26 17 17 26 17 27 4 8
29 1 21 29 4 14 29 28 22 17
4 13 15 2 6 7 7 7 15 13
87 59 67 60 49 30 89 89 24 31
93 111 10 164 80 10 45 90 196 190
8 16 12 6 2 8 9 3 15 12
147 35 10 70 131 48 175 10 4 122
1 3 3 2 3 1 0 1 1 2
88 14 65 65 57 34 90 22 68 87
76 13 29 86 38 67 76 73 58 71
1 0 1 0 1 0 2 0 2 2
10 125 8 153 87 162 11 4 127 61
7 80 123 15 28 108 58 42 53 105
5 0 5 1 0 3 6 6 7 2
28 57 65 22 29 23 17 7 89 3
126 19 77 23 13 82 57 18 148 140
56 124 38 42 23 62 189 110 56 123
