20
6
600 140 423 242 522 184 115 365 534 194 194 146 561 133 471 299 163 522 195 499
28 307 300 136 147 315
22 58 43 16 33 42
106 299 311 340 62 80
205 153 61 140 199 158
346 302 356 378 514 424
131 36 153 31 147 71
18 108 53 61 109 9
178 284 5 336 167 332
26 152 440 218 65 384
63 52 65 153 129 152
144 67 47 183 181 121
43 30 137 100 59 5
117 144 173 243 11 207
75 25 42 132 32 108
128 439 457 301 78 399
124 152 208 185 240 34
156 141 47 42 2 6
436 477 409 121 147 206
3 30 101 77 174 108
172 375 266 127 263 31
