20
8
200 130 61 130 22 18 5 128 97 86 65 199 159 87 61 65 166 73 200 175
58 8 186 172 35 103 116 46
37 80 13 63 25 39 57 62
56 30 4 26 6 38 32 20
41 1 105 5 76 35 37 10
17 4 1 3 10 19 16 17
11 0 4 12 8 9 11 3
4 4 3 4 1 2 4 3
10 113 86 13 96 126 34 28
46 22 50 82 52 43 25 66
64 33 30 65 67 18 79 10
16 14 57 2 23 50 14 16
189 129 26 96 66 83 6 192
83 144 49 143 125 123 39 80
43 30 7 24 27 23 3 14
49 58 4 8 42 38 2 17
12 20 57 10 50 20 42 8
130 115 99 123 44 143 165 15
48 55 66 20 22 44 68 55
186 183 195 96 62 160 62 39
157 102 9 101 31 142 2 65
