20
10
200 30 135 33 66 18 140 68 175 165 7 91 59 74 116 27 60 95 68 158
30 67 89 158 66 6 9 10 112 140
2 20 12 28 2 29 27 21 19 15
110 22 66 133 56 81 5 113 1 100
31 10 9 16 5 12 21 26 6 31
40 30 26 61 31 52 34 32 54 63
11 1 12 10 10 0 13 12 5 14
71 66 107 32 32 47 133 51 26 135
31 64 7 34 17 31 33 20 51 35
56 79 133 54 49 42 69 21 97 31
31 100 63 33 104 149 34 137 159 67
5 4 6 2 0 3 6 6 6 2
2 88 10 78 15 21 61 59 10 80
51 34 10 24 8 13 29 37 48 34
15 62 14 42 14 17 9 4 19 25
4 54 79 65 40 31 13 82 22 27
5 11 5 14 14 7 17 3 15 8
1 6 0 31 10 51 53 4 27 48
53 23 80 14 84 5 85 42 63 85
17 54 64 27 6 0 5 50 49 29
95 32 43 94 140 139 60 9 46 155
