20
10
200 155 16 110 1 18 16 77 124 71 90 140 147 106 67 185 167 182 63 141
181 72 151 15 153 0 59 87 122 155
50 50 118 122 66 150 112 28 46 91
4 1 7 10 10 9 11 3 9 4
87 1 6 24 1 7 2 7 80 84
0 0 0 0 0 0 0 0 0 0
5 13 9 17 14 12 10 12 14 8
0 12 4 6 14 13 2 6 3 4
76 59 42 74 63 4 6 21 6 34
29 1 80 75 66 16 120 89 102 120
13 3 14 70 16 70 7 43 7 1
89 72 57 25 50 23 17 30 61 82
51 105 91 23 69 97 95 128 88 74
23 77 56 96 50 56 11 125 62 144
96 10 24 68 70 29 64 75 100 82
60 56 7 30 2 57 63 13 19 56
0 112 149 171 151 79 119 34 118 125
134 104 73 58 21 75 86 101 68 25
102 105 79 66 22 99 137 133 170 17
1 36 19 59 49 8 43 24 32 11
5 89 119 135 108 49 95 48 96 49
