20
10
600 170 191 181 230 365 520 440 153 104 590 204 472 180 181 482 107 272 357 176
291 66 86 134 94 593 513 310 377 265
95 18 142 121 81 65 89 135 125 28
42 44 71 104 79 56 34 29 128 35
53 76 159 69 141 78 177 12 63 145
14 224 61 17 30 31 16 184 211 163
295 216 25 175 355 323 95 163 225 19
440 336 476 298 331 75 222 192 45 216
403 360 374 272 18 204 315 347 116 96
124 151 36 143 4 130 45 115 43 24
0 43 36 65 11 52 40 93 28 23
533 336 467 83 24 235 524 278 453 487
97 117 80 203 131 134 186 56 143 190
259 232 108 404 461 229 159 345 164 313
7 86 135 132 136 7 116 97 152 82
158 68 167 62 0 109 46 98 18 33
261 95 48 460 297 41 318 223 427 326
89 9 32 76 12 98 55 37 103 36
144 90 247 205 147 133 136 11 45 79
125 206 160 179 212 246 243 30 47 24
45 100 12 109 61 33 171 14 109 23
