20
8
200 129 49 27 118 188 138 120 86 156 191 140 101 8 22 105 106 138 139 100
95 63 114 54 188 119 196 131
57 40 48 106 79 42 11 1
15 9 22 35 12 11 48 3
1 19 1 11 1 9 5 15
45 117 40 100 26 50 55 54
113 7 79 94 141 141 102 150
111 21 75 8 109 39 124 0
15 101 45 107 69 79 76 115
66 20 1 4 45 44 82 23
92 4 118 74 97 116 15 11
28 76 44 179 62 113 124 175
11 24 51 135 56 49 77 19
35 74 3 5 75 26 22 52
3 1 6 4 2 2 7 2
5 19 0 15 21 4 20 18
92 53 73 87 11 80 63 13
62 25 2 79 58 40 70 41
115 4 104 61 33 12 69 129
58 132 128 90 17 97 80 49
7 30 4 96 72 93 56 56
