20
8
600 365 337 141 518 493 82 109 151 167 487 192 323 537 423 124 17 542 344 283
299 217 195 403 425 150 107 299
201 292 207 134 197 339 105 292
108 38 313 315 129 93 251 316
76 64 87 40 118 59 77 134
146 445 449 37 71 195 505 382
283 97 359 35 84 396 435 308
68 20 9 44 75 66 23 70
86 57 42 86 93 85 13 97
134 149 129 109 33 33 114 114
78 32 117 118 29 97 47 134
338 61 364 263 373 41 181 131
149 105 19 126 27 68 53 72
317 181 40 43 52 262 130 197
249 413 488 374 239 191 290 290
29 154 94 87 300 295 25 318
114 66 123 92 97 30 92 4
8 14 10 8 15 14 1 1
191 136 388 186 344 70 163 154
339 319 126 294 239 250 214 65
127 87 3 163 109 48 272 108
