20
10
200 106 58 26 174 196 184 38 175 84 178 117 27 89 16 167 95 68 93 165
5 69 44 171 193 120 189 131 1 124
22 1 96 77 24 24 53 56 88 15
38 4 6 52 11 51 44 18 25 12
25 4 22 25 12 7 22 13 0 22
11 130 107 77 84 152 131 13 104 23
128 131 178 104 116 95 51 190 85 93
174 74 127 47 115 62 89 44 86 45
10 12 14 5 20 35 15 1 16 37
113 5 112 25 54 3 115 172 99 160
39 38 54 62 7 4 18 12 48 23
101 139 118 30 76 98 98 131 47 149
61 62 21 66 20 24 1 40 58 28
25 26 14 15 14 17 2 22 24 25
78 26 85 45 26 14 33 57 8 59
15 1 12 6 7 5 12 10 1 5
79 126 118 3 8 148 41 48 91 53
42 24 80 74 92 45 52 49 71 86
40 66 65 52 26 25 51 38 35 14
1 25 5 65 77 40 69 66 81 17
105 102 4 116 22 115 51 159 113 125
