20
10
600 319 140 296 268 128 225 121 80 557 199 434 75 307 459 191 73 323 549 453
102 209 465 335 596 226 462 584 143 366
109 104 299 166 32 92 239 50 173 309
41 63 0 36 35 56 79 45 47 75
203 9 225 152 33 270 53 117 231 85
24 56 25 45 243 32 239 11 70 98
33 102 16 27 91 48 85 62 49 37
115 168 48 106 178 16 99 165 18 117
36 53 78 96 113 73 74 32 88 26
41 13 77 73 26 47 35 24 69 15
321 321 423 306 537 530 292 290 479 251
3 113 197 165 66 174 86 103 4 72
432 53 383 346 367 193 291 359 114 123
61 17 38 59 19 61 3 50 57 42
61 24 113 78 258 294 262 212 88 174
379 134 261 296 337 106 55 369 70 196
102 30 161 85 10 23 99 87 158 52
43 8 29 33 44 30 55 60 59 50
141 23 275 152 40 67 71 84 21 97
162 213 519 402 92 509 505 385 37 338
441 375 38 175 91 255 79 406 164 204
