20
8
600 239 393 220 344 39 344 524 78 102 575 530 94 250 494 343 175 60 506 449
314 186 79 278 432 432 344 405
11 165 204 217 235 0 138 207
372 73 371 89 255 124 293 331
174 216 157 72 110 110 73 165
140 152 68 299 310 162 46 187
22 5 38 3 0 20 38 38
305 226 198 96 190 297 312 270
520 426 111 459 510 363 81 436
15 49 21 74 33 4 7 23
73 50 84 37 25 35 28 72
431 535 306 331 529 6 375 314
262 352 86 107 167 351 283 34
26 91 61 2 48 59 82 93
39 139 201 182 54 52 129 43
129 197 152 92 400 302 467 98
340 33 134 107 93 308 270 216
151 150 114 20 1 33 0 133
13 47 14 20 4 45 43 2
21 87 12 399 274 458 503 495
38 418 160 343 74 133 415 275
