20
8
600 388 40 63 275 98 572 521 322 419 129 428 565 488 132 181 431 502 238 474
292 196 180 129 219 562 374 207
104 141 286 62 248 135 339 172
18 35 1 32 7 15 29 31
28 21 40 3 62 7 54 4
58 152 77 12 200 250 165 224
75 93 28 17 86 11 69 3
338 1 259 126 175 118 550 346
415 174 76 422 224 411 352 276
319 255 126 95 188 32 293 123
1 150 195 261 377 206 294 166
57 87 75 2 68 33 112 28
415 278 221 405 277 134 420 225
258 32 536 42 309 222 207 187
295 248 266 114 195 216 13 262
78 111 15 87 38 126 77 17
116 58 39 162 42 123 155 33
426 385 62 15 349 223 427 356
155 455 455 240 166 111 496 101
231 173 137 150 26 81 84 70
219 117 118 46 9 420 358 363
