25
10
200 183 131 92 1 123 25 65 20 174 122 61 163 95 9 19 184 46 178 78 121 4 162 44 155
64 18 27 13 17 5 192 2 116 98
95 166 9 58 34 111 170 137 180 70
58 1 90 108 78 78 61 31 8 47
86 73 23 86 28 40 80 63 77 85
0 0 0 0 0 0 0 0 0 0
110 9 122 80 86 45 57 8 27 81
5 16 9 22 5 18 17 19 11 6
63 40 62 19 30 2 9 6 22 55
1 9 18 0 14 15 9 0 17 15
160 147 66 23 7 104 11 94 122 34
91 60 102 53 104 49 93 23 120 15
39 18 14 51 48 14 27 25 55 54
87 30 120 97 43 61 104 57 139 71
30 23 29 17 71 36 69 16 22 87
5 4 7 8 6 2 7 0 1 0
10 2 5 3 4 3 17 2 10 6
102 84 144 120 54 117 178 182 146 120
1 22 29 24 17 45 20 10 1 37
8 158 62 59 167 78 23 36 104 22
21 14 48 64 15 15 9 0 27 6
39 61 97 40 5 23 85 113 102 106
2 3 0 2 2 0 1 2 3 1
38 118 14 107 62 149 105 14 29 80
41 1 12 0 42 30 40 14 41 14
74 45 126 43 10 28 109 71 34 75
