25
8
600 59 88 441 140 107 329 185 237 354 187 268 83 362 403 273 297 97 508 232 325 133 223 549 391
210 317 115 462 139 233 50 510
57 43 39 15 6 1 28 44
68 45 31 15 55 33 27 3
250 6 95 171 294 364 208 101
0 48 83 135 129 125 65 123
104 76 80 67 78 0 79 8
248 115 238 193 185 70 290 130
41 86 121 179 56 141 124 143
171 129 211 152 65 224 78 183
262 62 95 235 24 82 81 123
119 160 109 104 71 141 178 176
224 62 188 146 147 208 57 210
12 29 11 21 51 59 75 61
180 188 149 243 350 181 35 355
119 8 244 161 297 160 337 51
1 257 42 160 155 260 170 197
165 79 99 35 259 284 116 238
32 37 81 88 56 34 85 79
295 399 487 135 180 346 472 241
99 35 166 32 114 20 106 79
72 72 170 174 170 298 139 115
48 81 124 73 6 128 50 0
74 218 1 158 159 102 206 201
380 181 523 409 507 88 151 428
321 277 363 140 380 198 231 381
