25
5
400 111 9 280 279 64 244 242 272 249 123 209 291 22 345 227 200 137 258 143 319 243 148 10 333
202 280 385 304 285
58 78 104 58 59
2 1 7 8 7
175 15 251 129 228
43 167 98 71 262
48 46 2 41 11
75 196 78 143 73
102 80 234 161 6
191 219 80 268 46
97 174 143 6 121
100 92 66 119 51
7 2 149 205 68
165 158 178 80 128
16 6 15 6 9
175 17 129 95 81
216 200 200 76 115
165 161 185 130 158
128 71 110 64 31
255 86 8 61 40
12 50 25 70 38
232 314 108 234 128
0 173 208 55 210
76 57 97 67 115
6 7 5 0 8
160 219 63 290 187
