25
10
200 195 185 44 179 152 76 59 154 172 7 17 186 103 87 81 101 189 68 174 112 69 15 75 76
93 58 176 34 5 151 82 141 64 17
34 176 27 188 43 58 4 137 24 134
29 9 134 47 34 98 22 139 102 123
39 13 18 32 22 29 21 41 42 34
171 46 8 44 162 56 18 164 137 87
82 56 42 147 94 118 117 95 119 33
55 15 36 39 63 2 36 12 2 8
0 58 12 19 4 54 21 13 22 48
134 35 87 38 106 116 9 88 135 38
152 143 102 162 66 50 162 36 14 161
0 6 3 6 5 6 0 5 2 3
12 8 13 2 12 1 7 3 6 0
111 89 95 24 94 101 174 107 35 56
102 75 34 73 94 71 28 76 33 68
29 64 20 28 20 48 23 42 10 67
56 73 4 56 68 33 64 71 31 19
46 47 14 66 90 74 61 9 13 59
50 40 76 46 80 26 145 108 112 145
59 60 25 56 42 56 49 28 14 62
89 15 62 90 8 123 152 151 137 52
3 38 71 73 93 69 9 94 111 15
14 42 16 14 49 31 60 41 68 29
2 13 13 5 1 11 0 1 8 0
71 28 22 72 43 10 25 37 25 42
44 27 43 20 27 67 58 68 33 4
