25
6
600 581 390 508 300 267 430 23 330 519 448 238 312 5 39 401 474 472 472 450 119 515 108 112 570
173 113 547 125 457 208
467 146 97 476 184 313
46 287 328 241 288 239
433 156 216 193 270 401
103 64 40 1 55 203
266 50 237 55 28 230
220 114 176 327 422 130
5 5 5 12 22 10
140 75 171 100 59 112
82 242 304 69 253 497
56 54 350 266 122 286
163 192 73 44 203 96
266 187 202 266 192 149
2 1 3 0 1 1
1 5 10 12 13 9
90 211 266 191 77 260
410 370 72 63 297 94
274 369 117 192 269 197
89 389 183 451 122 323
186 108 94 262 105 251
118 41 93 109 32 8
225 407 306 227 226 174
35 57 57 60 24 69
85 48 98 59 8 90
216 411 448 68 13 207
