25
5
400 245 332 383 13 384 394 391 278 164 296 230 392 209 125 10 329 208 3 109 322 295 257 26 203
22 245 238 81 305
199 34 67 232 21
325 51 9 153 82
201 124 238 292 164
2 11 3 1 7
215 232 57 261 181
64 318 298 17 158
373 46 235 38 321
197 93 225 196 225
120 25 79 149 13
218 71 199 226 127
25 100 180 54 166
124 180 256 117 390
180 45 208 142 77
79 78 76 66 31
8 9 9 4 9
70 67 279 45 315
164 176 198 205 180
1 1 1 0 2
44 94 40 96 65
165 225 274 297 113
249 29 180 66 43
49 186 65 199 115
4 21 11 20 13
74 125 85 39 182
