25
6
400 205 52 298 165 19 214 310 227 280 383 186 286 259 215 170 136 370 270 23 212 20 229 129 115
368 17 178 233 230 293
68 147 43 200 11 150
1 46 32 14 23 1
79 23 64 259 151 221
123 13 5 131 160 66
6 11 9 18 6 13
118 23 186 201 206 121
164 93 40 92 142 104
107 206 88 194 62 202
194 150 100 76 28 87
201 31 63 119 323 196
179 120 60 31 20 163
173 45 63 281 269 82
130 74 225 166 44 121
30 116 207 92 153 204
167 136 14 118 125 120
120 45 33 66 132 14
151 101 78 129 256 167
200 237 235 100 191 100
1 21 18 19 1 1
88 26 39 45 145 84
1 2 5 15 13 0
72 106 71 156 135 0
72 65 100 42 2 102
66 94 47 35 84 27
