25
5
600 460 463 141 383 305 35 300 551 44 442 505 553 226 570 441 273 500 149 89 293 569 338 170 488
448 171 210 275 211
343 179 197 119 174
451 429 265 137 7
2 100 139 130 126
331 248 140 81 118
264 32 245 116 251
8 20 4 33 6
299 194 167 142 228
366 183 133 82 398
25 39 42 36 5
183 19 249 89 125
263 149 449 453 80
84 368 402 539 188
170 98 224 89 147
325 196 270 550 426
373 388 250 407 133
65 62 203 153 127
210 11 151 467 415
41 29 11 7 20
76 65 72 71 57
273 96 3 158 206
270 197 39 270 543
130 261 35 273 172
2 114 110 158 24
98 255 216 54 76
