25
8
400 331 92 250 326 52 34 350 300 5 61 113 1 370 353 44 310 388 313 363 83 35 365 365 100
353 219 103 239 385 232 85 345
267 39 103 123 223 27 113 133
21 88 61 47 21 80 65 86
138 242 156 223 129 248 193 9
65 325 307 124 248 90 207 39
46 31 42 1 41 35 31 37
18 31 22 28 17 31 6 26
342 320 128 247 17 154 57 284
77 259 200 63 170 185 21 81
1 3 0 1 0 3 0 2
10 45 54 49 6 46 47 24
98 39 94 93 109 38 98 101
0 0 0 0 0 0 0 0
61 82 127 116 35 29 105 214
237 116 8 19 143 75 136 327
43 2 2 6 13 36 4 18
170 202 153 242 2 99 300 267
241 198 284 177 295 314 295 194
219 127 7 189 281 285 214 75
315 221 169 334 149 133 233 80
57 0 26 41 21 33 56 81
22 24 33 29 17 14 22 19
284 7 141 251 149 167 138 82
327 270 260 250 288 293 204 206
1 88 18 0 6 10 97 86
