25
6
600 52 432 300 528 427 178 257 400 138 145 32 162 5 577 464 483 349 158 81 390 291 210 502 148
400 520 41 435 310 40
18 12 18 7 5 39
221 84 372 361 342 143
51 142 20 249 3 62
307 132 256 312 412 525
116 180 97 217 96 106
145 143 120 122 78 115
8 215 174 214 191 23
180 31 303 131 260 191
85 74 93 26 116 48
62 28 89 138 15 113
14 25 10 2 3 4
43 99 87 54 90 130
3 2 1 3 3 0
564 98 513 567 475 492
373 393 363 57 51 357
379 248 337 27 99 214
61 44 282 281 81 203
10 81 44 36 63 20
17 17 50 46 51 66
189 151 238 71 7 11
258 244 190 103 270 268
27 185 188 143 131 194
477 32 10 254 390 362
136 3 103 102 17 66
