25
5
400 125 299 138 159 35 257 297 310 90 288 249 330 399 380 387 191 304 274 195 231 303 318 36 225
148 104 35 15 19
61 2 114 57 43
196 76 107 180 177
5 133 81 113 65
41 106 31 70 18
11 0 25 23 27
153 121 137 48 46
39 29 289 217 203
211 241 41 228 6
21 33 4 66 41
261 191 226 164 195
200 205 210 199 48
9 150 212 22 146
48 273 179 226 136
371 231 357 2 343
29 344 249 294 291
129 34 18 161 181
107 43 124 79 293
208 2 174 57 109
4 141 161 78 145
36 20 107 78 151
161 256 6 106 104
255 191 141 4 200
35 32 4 22 34
101 109 45 198 221
