25
8
100 31 76 45 24 34 30 81 8 14 90 53 31 23 93 7 2 33 31 74 77 88 86 6 27
85 50 41 70 12 5 46 39
6 11 28 23 17 29 10 26
66 37 58 55 54 8 68 9
29 2 32 7 42 21 5 2
14 22 8 23 12 6 19 21
23 33 29 20 11 28 6 30
2 11 23 26 25 21 15 8
19 48 40 31 27 16 35 65
7 1 2 2 4 7 2 6
2 2 12 0 2 5 8 2
57 84 75 83 6 45 65 68
9 29 36 4 1 43 18 17
15 15 29 12 14 25 8 0
18 17 14 11 7 18 2 16
8 53 51 52 90 12 4 51
4 3 3 6 1 1 6 4
0 0 1 0 1 1 1 0
23 18 26 32 10 9 17 23
22 30 18 18 13 19 2 10
45 10 16 20 65 10 22 60
9 46 7 46 9 66 20 14
33 30 86 59 25 26 49 26
16 18 21 78 28 23 26 81
3 3 5 4 4 4 3 5
9 6 8 10 6 12 21 26
