25
8
600 25 552 350 14 330 194 158 146 470 238 54 544 241 560 47 188 213 353 469 217 248 546 4 31
297 125 241 142 388 129 488 350
7 23 21 6 10 11 23 2
375 422 428 533 282 111 114 305
112 17 227 112 129 165 236 184
3 1 9 12 1 9 9 7
184 221 210 275 137 328 257 46
57 171 102 78 180 130 108 164
71 58 126 32 57 153 99 27
145 138 110 83 108 19 84 136
335 182 14 419 468 152 389 112
130 171 85 99 200 176 108 204
24 37 34 43 13 52 21 50
177 277 136 364 270 125 376 30
66 18 57 56 19 176 153 58
164 131 11 308 189 106 308 345
40 25 10 43 4 17 22 0
79 117 142 146 157 21 166 0
53 46 80 86 17 73 91 2
172 5 229 291 249 142 243 345
110 36 364 308 142 290 156 103
110 186 11 126 116 144 82 145
65 82 228 120 12 165 201 25
454 531 363 19 334 491 85 205
3 2 0 2 1 2 0 2
15 13 19 15 20 14 27 12
