25
8
600 65 32 105 40 147 370 36 368 103 421 532 48 541 355 142 552 578 415 89 406 409 254 198 143
453 448 238 175 270 214 128 33
9 21 18 16 62 48 63 22
24 23 3 0 14 7 21 17
36 22 13 38 68 81 59 81
12 16 31 27 4 35 38 13
122 20 20 60 79 52 134 87
259 260 23 57 227 193 363 207
29 35 28 22 19 15 12 9
320 268 345 129 9 196 213 80
70 90 96 20 32 29 71 82
262 237 151 245 222 45 158 388
102 479 112 494 469 327 135 309
4 40 16 15 9 29 30 29
416 490 237 103 153 427 400 46
119 256 349 227 114 80 26 10
39 0 48 31 106 11 38 141
37 351 64 175 88 386 503 483
61 173 320 242 454 411 77 131
295 105 240 334 324 230 24 335
21 71 58 86 23 2 25 11
241 143 133 318 148 325 174 231
78 389 100 49 406 221 146 375
193 86 229 46 62 161 194 242
116 99 54 138 150 148 130 74
136 18 69 6 131 8 20 62
