25
8
600 311 395 317 206 154 580 261 19 143 195 292 334 123 340 236 189 364 189 491 80 322 94 114 397
31 538 464 414 380 398 267 71
98 251 76 198 2 146 137 112
363 329 313 327 175 306 125 73
56 3 115 5 219 158 110 142
135 99 132 25 190 72 113 176
118 145 67 13 100 12 66 113
129 303 469 433 55 112 230 538
8 16 49 147 151 202 141 78
12 10 16 1 1 18 18 12
132 133 57 15 43 93 118 57
172 194 191 73 57 22 49 145
37 137 8 279 130 264 7 48
303 328 261 74 234 193 143 189
12 2 96 96 97 93 36 29
192 31 14 4 187 262 135 265
18 199 230 131 25 59 50 203
170 98 153 118 170 97 80 6
13 113 63 0 289 361 292 152
118 71 47 186 34 148 176 2
171 235 101 346 211 402 288 483
13 49 44 37 62 12 2 73
111 236 153 256 144 50 51 220
91 31 29 36 55 4 34 72
23 36 102 41 8 10 28 60
121 178 114 237 51 172 275 313
