25
8
200 160 65 96 57 181 59 162 98 101 102 182 196 87 111 25 186 20 18 142 20 168 104 31 88
167 192 167 141 157 104 23 88
156 158 99 8 34 79 105 44
3 12 3 58 45 1 12 29
17 75 20 38 6 24 36 8
8 33 40 45 5 12 4 11
19 129 45 48 127 151 63 83
10 24 15 48 21 15 20 3
91 96 30 65 67 150 76 40
14 62 33 54 27 81 57 64
0 64 70 52 65 72 85 26
53 36 36 51 100 74 99 86
174 145 155 34 181 66 2 177
0 63 187 177 101 96 178 19
17 16 22 74 9 66 5 45
58 77 79 67 39 74 12 5
1 21 3 1 15 23 3 6
61 151 118 38 85 85 185 0
12 12 11 4 6 11 9 18
10 11 6 9 2 17 3 10
78 65 108 96 32 58 74 0
11 18 1 6 5 10 19 17
38 93 21 107 129 113 167 66
90 18 98 30 65 17 18 54
8 11 9 12 2 22 26 19
44 61 7 21 45 37 16 63
