25
5
600 107 387 549 387 497 105 295 82 143 307 559 282 63 314 340 349 160 164 560 465 328 544 467 473
582 432 520 480 182
85 85 70 72 72
232 62 86 131 240
239 110 417 417 68
200 211 190 135 1
100 85 313 188 191
30 30 45 36 73
237 207 245 72 165
23 67 39 20 64
126 138 60 109 24
51 133 107 89 114
104 282 448 509 373
242 10 166 258 126
58 16 37 27 7
151 273 8 303 68
73 61 257 126 192
12 195 64 302 217
37 50 100 133 78
126 147 132 44 81
173 364 15 444 522
401 434 83 405 260
309 42 296 257 296
133 148 90 494 99
243 51 180 140 245
166 50 236 73 238
