25
8
600 143 371 110 555 111 268 180 278 211 322 203 546 41 57 75 219 162 356 593 350 38 200 67 73
430 576 254 170 253 60 439 405
86 60 48 10 43 17 99 116
275 34 254 73 13 365 47 338
10 72 57 88 55 71 15 22
199 368 214 182 151 19 374 202
84 0 75 96 96 71 50 44
160 86 181 195 245 190 225 176
138 60 134 21 162 19 47 99
111 79 159 204 12 194 203 33
182 121 13 13 58 78 204 83
69 130 295 279 117 177 80 319
158 0 184 27 45 161 45 176
535 57 94 448 502 71 82 221
9 18 10 0 12 5 22 21
5 23 51 5 48 46 36 24
1 8 4 71 13 37 74 0
88 141 45 113 165 124 151 119
151 122 126 2 85 57 127 103
253 332 131 89 316 275 240 108
191 346 264 532 195 412 409 136
243 214 186 272 115 268 6 76
4 26 24 12 27 23 33 23
176 21 94 32 196 55 76 71
35 56 38 34 63 63 16 59
27 13 20 46 52 3 22 57
