25
8
200 32 58 92 79 199 100 21 43 35 17 102 93 169 101 30 3 106 88 49 165 61 51 196 68
120 26 100 1 47 169 83 36
28 15 10 24 25 1 8 11
33 3 21 10 55 12 34 13
88 58 5 2 81 61 3 28
31 38 4 37 77 52 78 51
128 137 48 24 168 147 50 149
79 84 17 1 7 78 24 26
17 8 4 0 17 20 7 2
5 21 18 29 36 14 2 18
2 16 11 15 19 6 32 24
10 3 13 12 7 6 14 16
37 26 58 71 9 56 78 94
51 72 26 53 57 91 50 42
136 37 29 108 1 149 122 6
80 21 43 56 72 59 98 63
15 23 8 29 13 0 10 1
1 1 2 0 0 2 1 2
53 16 26 59 17 50 91 3
46 81 63 71 39 77 42 43
34 35 11 29 48 15 34 15
107 58 9 112 2 149 154 58
36 29 22 55 24 51 0 22
31 7 39 2 45 26 6 36
170 116 91 15 90 85 71 57
1 45 40 4 47 63 26 32
