25
8
400 291 137 250 296 75 187 126 296 191 351 151 348 384 374 16 253 178 237 56 121 137 230 161 323
255 371 387 41 372 293 206 215
163 122 104 247 137 163 80 262
28 41 46 28 121 132 60 31
115 145 85 68 207 59 169 227
145 278 10 129 145 16 174 82
72 41 24 13 20 43 67 61
185 181 154 41 88 171 88 114
110 79 122 83 37 94 11 27
88 196 201 164 14 271 62 181
5 174 188 110 172 53 24 49
98 163 343 49 124 41 230 140
15 124 119 83 149 71 73 12
236 46 202 230 341 174 96 51
280 145 16 120 362 191 22 332
248 57 220 3 154 352 202 212
11 15 12 4 13 13 9 6
3 38 139 94 20 163 175 25
100 99 155 84 11 91 139 148
69 45 160 132 147 181 83 7
17 36 53 41 13 34 9 23
81 68 111 49 37 97 48 66
48 44 53 56 81 28 51 69
23 193 31 136 67 20 61 23
158 28 22 142 100 66 31 95
106 153 302 233 299 36 229 242
