25
8
200 117 196 79 189 74 90 93 53 83 38 169 161 22 172 11 21 56 187 60 145 25 67 59 44
117 62 175 7 91 2 7 79
35 82 50 25 50 41 62 81
158 63 140 96 178 11 144 27
54 66 33 52 64 50 30 19
13 134 25 139 74 139 18 57
68 49 28 68 25 57 27 19
32 21 68 45 40 83 78 21
83 21 74 8 52 72 74 1
2 17 48 46 1 50 20 51
77 78 69 67 51 26 37 38
25 24 16 32 19 25 5 4
134 6 48 30 165 69 58 116
82 73 120 34 18 101 54 23
7 19 19 2 16 10 15 12
149 15 63 0 47 167 144 98
6 10 0 2 8 8 6 10
7 16 3 15 16 14 1 7
36 5 20 8 26 2 42 8
66 5 73 115 1 26 166 55
34 9 23 14 35 41 58 17
101 3 139 3 87 139 66 125
16 10 21 13 23 0 10 10
50 47 27 41 52 35 35 38
0 43 30 0 45 26 34 52
30 3 6 27 27 5 14 33
