25
6
200 15 148 152 35 156 34 171 14 144 149 86 61 197 46 192 142 19 54 173 10 26 171 100 191
48 14 89 135 103 194
3 5 6 8 4 13
71 37 98 68 146 44
143 36 140 119 57 101
8 5 2 2 23 24
33 65 47 27 114 87
1 21 3 14 12 13
50 15 77 136 66 106
1 12 9 0 7 3
94 64 132 57 128 114
124 68 21 113 37 84
11 8 41 31 66 71
29 48 59 57 28 24
55 186 186 14 42 23
37 24 45 9 12 5
148 109 83 14 65 162
20 39 94 138 122 27
12 1 11 8 17 17
39 30 40 28 1 10
119 166 119 75 38 49
7 7 5 0 3 2
7 17 13 6 11 18
115 13 132 149 97 141
32 45 84 25 47 25
80 73 168 168 85 77
