25
8
400 29 323 387 140 109 219 54 178 88 200 283 10 376 204 288 163 156 176 344 370 84 8 391 114
197 292 8 72 266 244 46 53
9 17 25 28 1 0 11 7
320 27 65 280 139 57 281 146
265 278 274 224 167 120 81 241
52 32 129 60 81 55 34 104
81 42 72 30 35 16 81 74
145 152 44 206 102 115 78 54
33 16 43 10 18 44 39 43
14 147 19 48 164 30 37 148
27 72 60 51 39 14 64 60
145 91 149 80 193 51 184 1
85 191 122 78 83 259 278 139
0 1 9 9 1 2 6 1
272 131 110 373 289 284 81 326
159 149 99 144 194 98 42 76
13 163 186 21 234 213 173 33
111 65 158 51 15 21 48 155
51 131 10 136 114 111 20 20
152 144 17 65 80 91 82 91
26 84 90 21 15 139 207 126
270 309 294 352 212 175 366 13
8 31 4 30 40 24 82 66
1 7 3 0 3 4 3 4
189 49 64 268 140 243 216 129
31 72 69 59 75 106 67 68
