25
6
400 120 140 107 7 104 100 344 374 345 128 339 194 272 163 240 41 39 157 374 72 50 16 171 309
268 238 218 24 83 162
3 42 93 78 63 70
102 58 39 117 56 46
62 52 72 89 45 98
0 1 6 1 6 0
97 65 19 50 11 76
17 9 92 33 76 12
34 20 285 60 131 327
122 205 42 10 68 272
242 180 197 133 42 301
42 14 84 89 36 62
145 106 109 115 164 105
36 141 44 73 165 96
94 271 27 159 129 208
37 62 128 44 139 133
224 237 87 180 149 1
1 31 32 14 19 15
13 24 30 33 7 7
83 52 23 153 117 147
25 317 308 334 238 95
24 11 31 21 13 33
22 11 16 28 13 44
4 5 3 14 2 8
141 154 81 102 76 62
262 301 102 168 73 200
