25
8
400 228 360 273 76 231 366 258 165 330 324 170 149 132 124 250 51 157 79 104 42 273 255 155 253
31 330 177 55 207 128 129 113
195 64 186 37 168 23 76 99
306 347 211 300 328 234 52 298
64 55 35 49 180 188 123 224
27 30 9 22 12 68 5 42
78 88 112 213 230 218 132 49
17 144 236 121 2 238 71 153
141 112 51 63 220 5 48 85
81 130 26 1 75 43 109 91
36 146 79 87 2 10 56 129
287 111 256 40 198 147 120 189
77 112 25 97 127 70 158 82
21 7 43 14 97 56 72 117
97 35 74 8 11 28 65 73
32 0 27 106 98 36 35 48
122 239 7 88 152 211 58 66
32 15 11 29 19 30 47 16
45 26 131 133 69 75 47 53
1 49 3 42 5 38 23 24
23 52 75 100 16 43 7 29
40 30 29 22 33 6 22 39
68 79 151 0 242 198 179 25
204 177 129 32 211 29 45 20
54 90 24 84 6 120 15 5
188 33 47 171 195 63 115 175
