25
6
200 8 123 178 142 1 190 171 167 189 189 30 190 50 93 192 164 123 161 105 146 32 48 14 10
121 128 63 57 127 136
0 7 0 3 6 7
55 4 3 80 96 75
69 22 85 22 176 16
87 120 85 47 75 75
0 0 0 0 0 0
123 23 20 142 177 101
152 111 47 68 123 93
36 159 79 91 80 61
139 184 151 167 163 158
83 113 33 187 104 48
28 23 25 11 0 15
4 2 46 156 115 163
36 6 23 30 35 45
7 90 65 63 39 47
99 132 71 168 79 163
66 104 7 127 147 65
72 56 14 77 81 27
147 151 25 15 133 13
1 88 44 81 72 89
32 76 57 127 26 37
12 7 11 16 31 9
18 32 24 41 14 8
3 10 3 5 10 9
2 3 2 0 0 9
