25
8
100 40 54 90 88 18 42 95 18 45 12 93 6 35 41 9 100 17 23 54 72 29 50 25 38
24 29 56 78 34 28 87 90
15 8 10 34 1 26 20 10
21 24 31 35 9 51 51 33
40 24 43 18 0 68 19 78
34 51 82 14 56 26 0 81
9 15 8 13 0 3 8 3
17 5 27 29 38 6 37 8
15 24 67 84 36 29 1 15
13 4 14 3 0 7 13 9
13 15 1 9 19 35 6 22
0 6 2 9 3 8 5 3
12 48 63 25 19 90 3 60
4 1 1 2 2 3 3 3
15 3 25 11 32 15 21 13
22 4 32 19 12 33 14 18
4 1 6 2 7 8 8 6
48 49 22 70 50 55 24 77
12 4 4 5 13 2 4 4
10 7 6 4 18 15 0 13
6 37 2 8 32 46 37 16
17 21 36 49 33 9 63 53
23 24 21 25 26 3 22 8
40 16 15 28 40 11 28 48
12 21 6 18 2 9 3 5
1 10 33 1 37 0 17 5
