25
10
400 335 33 266 218 140 68 375 165 7 291 59 274 316 227 60 95 68 158 31 268 90 359 267 207
9 10 312 340 262 50 122 338 232 69
47 271 149 140 85 22 141 3 16 86
5 8 25 22 31 10 9 16 5 12
192 86 211 38 162 120 182 185 181 250
152 72 188 89 187 51 144 76 126 178
103 126 91 88 71 66 107 32 32 47
1 11 42 3 31 64 7 34 17 31
191 363 140 138 156 4 33 29 74 267
109 161 62 96 31 100 63 33 104 149
6 6 0 2 5 4 6 2 0 3
205 271 110 280 284 164 288 76 96 53
6 20 35 2 51 34 10 24 8 13
91 105 197 96 219 132 96 30 136 89
87 86 283 1 248 110 47 13 252 43
185 175 172 34 97 222 200 74 65 61
38 21 3 35 1 6 0 31 10 51
3 89 87 58 53 23 80 14 84 5
33 43 3 32 17 54 64 27 6 0
87 38 11 139 95 32 43 94 140 139
16 29 9 16 6 17 24 5 2 12
75 95 201 67 158 134 246 189 246 55
19 57 77 25 19 83 61 47 0 81
136 215 2 17 317 109 66 9 301 106
19 106 54 92 162 142 72 80 115 83
166 112 44 131 139 199 201 58 131 99
