25
10
200 144 179 79 31 63 115 102 162 155 180 190 59 6 56 40 2 128 38 113 42 177 84 19 193
73 65 164 156 47 97 151 120 189 58
126 19 77 139 80 25 114 140 110 35
109 53 94 104 89 101 110 122 9 169
51 66 66 68 2 70 14 0 0 74
23 23 5 4 19 19 26 25 6 28
58 49 12 11 42 48 33 47 57 1
109 39 48 77 48 41 50 52 53 82
71 4 44 54 17 45 26 6 83 47
89 85 95 41 93 17 90 94 27 48
106 0 28 95 13 103 46 96 103 142
73 104 129 170 86 89 75 93 122 113
189 77 19 139 111 64 59 183 178 155
24 46 35 14 17 13 1 30 37 40
0 3 0 1 1 3 5 5 2 5
30 15 53 48 11 21 32 18 23 47
39 12 11 16 33 29 39 4 15 32
0 1 1 1 0 1 0 1 0 0
32 121 26 15 7 18 115 115 117 105
36 27 20 12 10 20 11 4 18 27
7 90 9 27 43 2 77 15 80 3
14 21 22 17 9 29 23 8 33 19
160 169 159 5 25 4 74 151 157 104
33 71 43 56 33 51 51 27 55 10
16 17 13 10 11 3 12 0 2 0
118 2 78 183 135 27 134 79 10 184
