25
6
400 314 32 362 216 324 82 43 133 319 214 284 234 92 334 341 319 358 207 195 387 240 181 244 34
297 319 266 335 318 187
136 142 145 160 291 210
24 20 18 26 25 12
329 17 80 63 28 269
107 208 183 1 175 191
88 84 168 21 73 308
55 52 36 51 42 35
23 33 22 34 1 24
23 64 65 4 53 26
253 159 305 147 235 114
49 10 78 156 95 72
101 192 88 247 231 189
140 172 223 153 80 154
40 42 4 1 49 8
164 262 193 177 96 214
199 84 190 117 204 142
182 156 150 120 62 6
334 218 65 247 201 143
107 96 89 25 143 132
171 50 155 51 50 83
170 104 39 373 232 338
238 104 106 149 26 159
93 49 165 59 1 71
18 180 185 208 61 200
23 12 12 26 19 32
