25
5
600 514 404 63 340 126 226 111 236 481 94 326 568 310 472 236 80 183 575 342 498 294 494 330 504
83 124 170 41 508
337 387 371 127 39
348 389 340 44 52
57 15 2 25 61
48 83 158 225 239
68 76 24 124 89
196 34 57 175 77
97 76 101 22 41
5 131 152 24 1
32 344 286 254 6
93 3 23 12 67
178 2 17 60 151
532 164 65 16 534
273 92 159 299 105
319 347 449 398 205
139 28 202 187 210
9 1 74 31 58
20 51 158 113 40
542 50 21 97 12
278 245 30 205 276
228 438 389 165 165
153 28 206 19 17
369 386 390 200 235
284 88 117 20 327
205 485 349 287 131
