25
6
200 128 96 62 120 142 168 181 186 156 184 193 87 82 44 53 29 28 92 15 33 193 186 74 50
93 26 88 145 3 21
97 72 7 99 28 70
88 12 87 31 11 53
33 48 24 35 51 32
27 55 18 110 101 51
65 50 63 44 85 106
137 96 105 111 60 87
168 167 46 162 83 109
145 66 75 118 70 5
121 22 36 40 72 105
135 60 40 5 59 33
183 188 152 160 95 45
74 58 11 9 37 21
73 18 17 26 6 43
36 8 11 40 31 40
22 4 8 36 14 40
21 8 18 5 12 15
8 1 22 12 7 0
41 40 36 44 87 42
8 6 11 11 13 1
2 9 24 17 17 14
104 44 177 161 149 146
61 154 26 131 94 65
66 29 15 39 9 33
36 30 27 34 15 15
