25
10
400 30 158 353 315 52 235 177 100 50 311 125 366 189 311 290 287 43 368 29 202 277 71 289 32
183 70 276 101 392 367 135 384 161 60
25 23 7 21 15 1 19 25 12 27
64 144 87 118 34 4 141 102 84 114
280 225 323 60 235 348 337 147 82 207
63 61 299 101 25 189 79 106 186 114
45 0 11 18 33 38 44 6 37 8
61 62 203 78 94 18 20 31 91 22
175 105 84 58 116 118 115 67 139 157
59 31 69 90 80 29 64 19 39 52
3 39 3 21 29 30 31 6 21 6
178 134 240 187 217 62 22 204 267 200
15 105 88 97 81 26 45 94 0 25
264 334 194 155 287 247 268 176 142 302
13 51 87 21 108 40 82 105 10 166
143 254 188 173 308 42 134 278 107 2
213 55 31 30 265 270 8 225 153 230
12 180 53 5 261 102 52 185 174 30
21 14 30 41 25 40 5 13 22 28
48 292 38 61 360 189 146 111 123 234
19 9 25 25 28 20 1 26 12 19
101 161 10 13 31 138 135 132 56 101
249 233 102 31 82 190 80 73 172 257
33 62 0 67 45 22 42 29 10 51
247 282 136 44 165 38 233 8 40 230
24 15 13 25 6 9 5 0 1 24
