25
10
100 40 31 12 2 83 98 16 4 1 62 63 26 70 93 41 46 84 6 67 20 62 47 54 8
61 49 31 75 37 82 61 56 25 43
30 19 3 39 20 32 29 32 13 3
21 23 14 10 17 24 15 3 17 11
6 10 7 11 7 5 6 11 0 4
0 1 0 0 0 0 0 1 1 1
78 59 10 46 36 34 20 32 67 28
8 93 34 56 56 93 12 43 14 73
4 2 7 12 12 13 6 2 0 14
3 1 1 0 1 0 0 2 3 1
0 0 0 0 0 0 0 0 0 0
52 8 20 0 23 56 27 54 44 16
3 56 1 37 10 45 1 46 26 36
3 3 4 25 6 25 15 1 10 20
67 5 64 7 67 55 21 56 29 42
36 19 56 28 76 13 79 66 31 31
2 40 18 18 40 25 28 4 39 5
4 27 31 36 27 19 39 19 24 41
4 68 34 83 17 64 53 46 7 52
0 1 1 2 1 3 2 5 3 3
6 3 60 24 24 16 3 51 51 56
11 0 15 14 5 8 12 7 1 8
19 30 9 38 18 38 46 33 8 22
19 20 16 46 23 35 42 8 27 8
48 13 20 17 30 15 15 27 20 8
3 1 0 3 5 4 3 3 3 7
