25
6
600 247 412 17 550 83 473 88 468 229 245 280 196 587 274 228 497 417 6 282 467 494 353 112 327
201 166 241 259 102 72
99 9 210 211 117 83
187 250 283 7 168 363
2 0 0 5 3 8
228 121 106 76 416 3
39 53 21 7 67 46
337 68 210 408 185 287
46 54 37 32 23 0
351 190 366 20 67 366
219 31 174 40 157 176
90 66 162 199 185 15
15 125 11 122 33 74
100 176 44 84 137 168
94 584 381 536 120 528
89 133 244 102 241 27
7 66 39 129 139 29
289 354 0 191 249 280
290 408 55 181 29 338
3 3 5 4 0 3
230 11 116 65 220 97
37 35 208 383 44 118
458 481 292 257 226 340
51 135 109 20 56 170
74 54 46 29 32 48
65 155 137 120 261 19
