25
6
400 292 153 321 140 10 33 80 257 14 388 328 29 39 12 327 77 191 376 42 39 96 335 87 207
285 289 277 116 398 377
243 239 62 200 144 97
7 37 64 134 41 134
272 213 145 312 231 253
12 94 15 32 11 23
7 6 9 8 0 4
10 11 0 8 11 2
40 32 78 67 20 29
83 31 109 175 54 230
11 3 1 0 7 13
66 103 290 333 102 287
315 143 180 125 32 126
7 4 26 14 18 23
1 35 5 26 37 29
7 7 11 3 6 3
167 194 260 209 95 311
36 37 67 52 66 75
125 125 136 119 115 154
13 215 139 311 349 366
14 35 22 3 19 11
19 37 30 7 35 16
80 10 51 24 77 57
40 79 64 72 42 260
35 84 13 3 13 78
190 12 52 182 85 91
