25
8
100 53 75 48 94 20 45 62 48 9 77 49 70 12 79 7 28 31 85 60 81 27 7 49 80
82 81 61 34 75 41 89 94
37 39 13 46 12 47 43 26
26 1 15 21 25 22 65 10
25 42 34 32 19 11 28 40
61 67 77 69 41 82 42 39
19 11 6 6 11 7 13 18
17 9 1 17 27 35 16 17
36 13 45 46 41 23 36 39
33 17 1 46 31 23 27 19
4 7 7 5 3 1 2 7
7 14 55 65 34 48 31 41
48 4 47 16 8 23 32 20
3 36 39 31 7 6 63 65
8 2 10 10 4 1 7 1
21 42 50 74 22 65 17 68
1 5 1 0 3 1 2 2
26 23 17 6 19 2 23 18
1 2 10 29 18 5 1 7
56 16 43 53 54 16 40 72
49 52 47 29 43 56 7 54
75 0 55 52 68 13 41 71
2 9 15 17 3 24 12 1
5 1 3 4 4 0 1 6
43 25 48 19 44 3 4 30
78 27 44 48 4 76 48 69
