25
5
600 497 553 595 508 586 129 447 30 99 571 504 431 457 284 141 19 410 505 226 272 436 435 41 87
352 422 218 509 431
75 281 311 354 371
103 470 318 149 11
394 141 98 450 62
197 54 18 324 235
302 555 512 357 355
0 84 4 72 99
177 116 357 95 152
10 13 11 2 19
58 89 24 53 69
480 515 63 331 566
487 422 478 464 25
286 16 278 165 30
57 358 398 247 60
155 45 105 193 67
103 63 109 77 89
18 2 8 17 0
180 339 244 108 243
19 236 393 4 500
33 172 7 131 56
228 199 200 52 94
209 135 373 189 121
106 222 6 82 414
10 29 29 36 8
13 8 37 83 43
