25
8
200 182 154 133 10 31 200 72 179 82 136 80 87 62 50 103 70 45 78 75 194 88 113 113 135
73 183 162 23 125 88 27 75
162 55 81 173 33 84 144 93
25 55 69 62 143 152 7 31
108 31 116 17 94 19 64 35
2 1 7 4 3 6 8 7
27 15 29 29 13 19 28 4
188 53 197 94 115 173 13 2
67 14 32 37 71 28 47 14
80 59 6 38 138 34 144 175
66 67 53 28 42 68 66 28
49 94 63 87 22 115 57 56
54 42 21 78 42 26 34 39
1 22 76 27 45 25 48 84
32 10 9 59 60 31 24 26
41 14 7 0 12 44 10 41
68 78 69 36 33 23 11 53
40 62 24 63 20 66 53 36
36 33 16 33 12 18 23 4
61 53 58 21 29 6 46 54
9 7 3 23 52 8 70 7
127 190 74 153 175 182 50 85
46 5 50 80 0 17 72 28
89 83 11 73 41 79 97 63
18 53 84 66 37 49 71 93
4 96 80 83 81 45 47 61
