25
5
600 235 124 455 118 111 459 1 4 327 153 51 474 548 161 498 323 238 599 574 374 8 491 419 461
123 107 326 139 411
60 121 234 125 232
56 30 6 85 32
433 290 305 354 25
116 37 83 37 29
88 16 97 46 103
383 199 434 108 376
0 0 0 0 0
2 1 1 1 1
85 139 224 19 230
84 128 104 36 147
9 21 14 45 20
224 405 444 288 106
138 429 464 209 453
64 10 28 38 30
382 442 93 371 51
228 61 292 302 20
232 87 223 105 195
467 536 410 191 359
139 392 546 53 399
156 33 356 212 272
1 3 3 5 1
439 257 326 404 201
112 87 88 396 228
46 301 67 192 264
