25
10
200 42 150 29 141 37 80 131 70 122 143 177 20 135 43 136 103 126 127 29 160 102 42 19 64
83 144 107 188 108 134 162 94 106 5
12 26 2 28 36 14 32 37 17 27
119 0 7 48 29 108 94 76 44 76
25 9 0 22 20 0 17 10 9 27
43 100 75 26 51 67 0 32 37 14
6 27 21 7 9 24 16 7 30 13
71 74 42 74 66 40 71 54 74 79
7 80 116 25 102 111 58 78 99 76
53 66 35 29 41 38 39 56 25 24
7 82 8 21 10 38 51 25 109 91
50 50 74 76 47 67 35 140 88 135
59 11 136 128 144 1 45 142 103 122
17 13 15 3 13 14 6 4 10 9
15 124 112 100 7 115 23 133 116 93
5 17 28 16 35 5 14 42 37 29
98 95 38 121 104 81 13 115 52 19
91 5 25 82 88 24 31 12 42 10
58 9 53 71 17 89 60 124 117 54
28 40 70 112 49 88 74 94 25 68
27 26 23 22 2 17 10 24 0 13
88 75 39 129 92 84 85 24 84 47
75 46 8 25 87 51 77 13 25 35
19 4 40 36 11 41 3 28 11 41
16 4 0 8 6 18 1 12 15 0
4 6 26 38 21 15 33 13 31 37
