25
10
600 108 516 45 369 400 202 381 87 102 175 315 491 530 212 414 72 282 461 525 533 190 85 570 26
537 445 421 435 297 229 568 479 552 212
57 15 16 98 4 92 33 86 65 88
148 256 346 456 8 128 213 286 182 216
12 4 15 31 29 10 12 39 39 30
259 40 138 254 78 120 300 334 281 355
9 134 128 47 232 124 154 261 117 16
137 90 181 142 45 72 101 148 167 111
204 187 267 177 32 369 72 367 316 283
86 35 30 63 9 8 51 52 51 39
80 17 18 54 21 2 55 56 59 13
111 157 151 150 108 45 147 58 18 60
258 16 268 194 160 103 73 202 234 10
93 196 138 238 101 83 231 381 38 188
50 40 250 116 104 183 17 488 138 62
141 85 59 16 24 4 114 54 199 168
377 26 213 37 172 120 109 277 82 341
10 1 25 44 15 54 62 60 52 0
18 33 3 136 138 133 168 207 92 123
309 85 87 114 330 455 449 121 232 205
272 478 422 461 196 64 335 319 4 316
297 385 390 322 105 335 351 364 428 288
142 152 124 134 12 43 68 174 46 162
20 7 32 1 42 72 65 79 6 33
411 295 370 34 18 36 224 509 90 95
17 19 8 14 0 12 6 14 10 14
