25
10
600 290 86 451 539 354 573 282 167 75 544 552 542 273 115 83 379 16 385 442 238 484 423 254 38
149 565 404 208 595 473 180 518 291 583
187 16 276 69 285 154 58 285 51 131
26 27 63 44 54 27 45 76 1 75
188 241 258 341 338 338 10 110 224 405
400 303 344 330 321 263 235 460 350 162
258 120 67 75 267 61 72 279 245 158
211 142 88 58 316 223 434 46 475 454
44 195 135 77 75 269 232 21 276 166
41 130 104 63 81 8 95 123 88 107
42 65 43 31 52 53 73 50 17 39
447 464 499 540 282 502 158 315 174 324
88 226 469 261 140 188 247 82 477 484
176 271 386 520 448 131 457 525 69 123
36 25 168 166 253 26 160 128 205 32
69 74 72 5 42 24 96 12 14 114
54 19 17 75 17 67 44 21 23 73
239 307 361 99 310 249 96 15 142 271
10 6 13 13 5 3 8 10 0 15
277 241 350 295 204 123 91 183 246 204
71 402 296 110 437 150 185 413 281 374
62 15 25 25 126 91 8 120 208 151
219 159 323 133 358 159 82 58 250 158
152 408 393 237 45 422 344 311 53 393
174 151 75 83 253 30 24 31 30 218
13 5 36 17 14 3 26 35 30 1
