25
6
600 363 255 111 16 168 67 497 596 151 97 184 437 38 249 549 460 552 418 41 85 309 303 525 294
417 437 66 561 575 164
139 345 324 150 28 296
217 22 148 13 254 58
105 11 27 48 74 74
0 3 5 10 15 1
111 104 100 47 54 19
47 63 53 6 59 2
41 442 32 399 242 299
193 488 101 521 211 346
62 131 73 50 126 19
42 6 90 89 4 25
156 181 120 170 147 116
188 66 179 401 355 247
3 33 9 10 23 34
105 165 19 8 148 144
511 350 117 418 2 520
38 420 408 286 153 215
46 452 36 538 255 239
162 113 312 47 280 50
4 5 10 32 8 7
72 58 41 46 56 24
57 149 190 304 225 202
192 195 151 92 145 18
135 359 474 43 25 208
204 153 20 37 54 38
