25
10
600 279 136 555 391 436 182 95 452 571 74 334 109 123 384 434 66 151 518 162 329 85 414 322 299
494 348 169 296 350 592 372 103 490 351
25 51 59 231 129 256 20 45 278 49
88 39 52 29 84 53 27 49 47 21
311 342 395 356 513 86 188 387 15 352
168 292 47 257 114 341 377 87 214 138
99 118 325 394 192 381 330 304 40 74
11 85 17 154 41 101 98 46 166 66
75 71 82 84 32 49 49 4 13 62
342 93 318 174 276 238 152 292 53 117
250 438 235 490 242 474 38 366 166 192
26 34 45 8 73 66 22 68 30 40
100 139 46 252 140 280 33 167 71 175
29 99 47 3 73 78 45 106 54 103
39 35 115 85 2 6 37 107 49 44
282 260 353 261 146 169 73 30 105 263
221 248 266 126 120 391 100 345 38 335
59 39 54 9 18 32 1 40 14 6
21 53 87 150 24 142 110 64 67 27
389 80 165 156 304 266 296 222 182 423
54 64 84 22 142 28 143 158 30 142
239 232 272 44 65 60 193 306 51 296
12 11 4 58 81 77 29 7 3 33
397 124 127 97 339 101 39 379 342 346
54 207 224 220 300 312 11 105 49 104
99 228 266 232 123 262 113 129 50 252
