25
8
200 173 93 74 42 39 117 125 62 33 51 194 195 69 174 142 127 176 173 114 36 22 12 168 76
114 30 33 176 151 178 109 73
129 9 57 12 109 150 33 20
70 25 28 81 36 6 41 38
20 33 42 58 57 60 46 57
16 19 34 29 1 20 14 4
37 38 5 6 33 20 13 31
115 94 75 41 114 38 89 26
106 104 98 109 43 67 67 97
26 57 35 4 5 28 21 48
12 25 14 5 25 31 13 24
19 14 1 17 17 48 37 38
162 80 69 189 141 161 138 173
49 138 63 29 94 98 27 161
56 5 38 62 63 24 35 29
111 92 144 64 11 39 2 120
0 95 134 80 109 83 10 139
69 123 120 7 118 61 105 38
59 21 101 112 23 57 65 137
155 30 5 143 126 24 87 168
104 98 28 69 40 41 7 39
34 21 0 13 7 28 4 26
2 16 11 15 18 6 6 19
0 2 4 7 5 0 2 5
118 163 60 115 125 94 98 41
24 5 59 62 70 51 10 19
