25
10
600 178 101 265 375 484 598 116 436 458 224 171 217 423 227 281 218 89 588 253 250 449 561 355 549
402 432 215 169 315 79 206 270 531 87
102 65 51 91 74 74 109 13 128 104
82 41 84 6 51 12 44 54 66 57
177 199 49 41 52 129 45 207 41 202
313 333 309 208 290 263 297 140 114 157
370 367 0 215 478 276 198 144 121 208
99 387 346 93 516 7 455 93 516 433
83 75 114 21 62 87 31 1 79 22
254 324 91 344 412 318 356 202 75 258
338 48 12 288 129 151 152 107 427 213
154 126 26 209 142 201 85 191 7 132
14 88 66 34 58 134 36 44 86 52
24 113 150 200 148 206 163 213 18 13
399 155 333 252 8 96 325 379 177 319
88 86 157 6 138 115 60 180 145 10
128 188 75 128 250 16 216 165 154 91
127 3 60 182 171 95 86 202 60 76
20 31 45 57 9 15 11 51 8 29
433 215 5 492 123 453 32 66 179 386
227 220 34 157 207 101 94 122 142 40
163 179 64 104 73 155 12 156 166 69
329 334 306 307 200 363 42 203 36 294
351 264 426 220 396 165 412 506 65 145
121 245 327 272 317 28 156 217 250 153
442 187 90 497 55 106 202 298 25 306
