25
6
200 105 198 163 14 121 196 112 125 35 195 46 44 83 111 137 55 45 162 82 13 133 148 137 148
139 17 19 186 96 50
75 74 67 57 2 85
63 49 14 51 157 184
107 7 121 63 117 157
6 9 13 9 9 4
44 120 12 13 95 61
139 132 133 193 81 174
88 36 58 43 86 59
26 14 9 69 113 123
11 31 8 27 1 33
18 110 10 2 61 6
42 13 45 10 18 39
40 23 32 7 11 1
25 73 68 75 72 73
91 98 77 58 15 65
43 136 97 92 16 102
13 22 49 26 25 20
7 20 38 43 32 34
137 59 41 140 131 74
70 61 37 48 79 80
0 11 11 0 5 5
31 26 46 68 68 14
74 86 6 62 54 33
25 131 29 49 42 76
112 93 143 42 85 119
