25
8
100 68 23 40 22 37 6 6 6 58 55 100 87 33 12 3 36 45 44 33 93 11 4 22 69
75 20 7 38 9 74 34 70
63 26 59 38 23 35 32 12
18 1 3 7 10 17 16 1
12 15 7 0 11 29 10 13
4 11 12 10 19 7 0 0
17 13 28 35 9 28 5 33
3 1 5 5 2 3 2 0
4 3 4 2 3 2 1 4
3 4 1 1 1 0 0 5
17 37 18 19 0 0 9 13
17 52 48 35 30 33 53 22
28 30 28 94 18 79 42 69
73 44 48 74 15 74 63 9
11 24 31 2 25 32 23 21
4 10 4 0 0 11 3 10
2 2 0 1 1 0 2 0
33 33 23 8 25 19 0 5
4 3 7 36 11 14 7 32
29 41 38 23 29 36 22 37
24 12 19 22 25 10 21 3
58 87 13 92 0 52 31 3
5 0 5 7 1 2 2 8
3 1 1 3 2 3 1 0
6 21 5 16 18 21 21 21
47 34 10 11 66 47 16 22
