25
5
400 151 288 100 369 142 173 175 234 17 16 13 371 65 377 63 153 186 240 275 164 380 119 278 141
276 238 396 48 278
128 58 118 37 24
161 280 32 23 192
72 14 22 72 97
171 39 146 130 331
114 15 137 53 89
129 123 167 81 60
71 120 69 29 77
198 104 81 232 215
13 8 7 5 14
4 4 6 1 10
4 2 11 8 8
137 84 322 190 280
22 50 56 46 0
92 256 163 252 283
14 56 50 0 44
76 112 125 78 130
20 139 124 170 10
108 92 143 44 215
190 33 141 161 217
121 42 0 14 62
24 128 4 342 217
93 80 23 3 12
51 78 181 117 93
25 124 46 1 130
