25
8
400 372 195 225 326 84 319 46 351 275 271 47 123 64 181 232 90 354 134 211 78 156 166 265 112
234 17 219 18 398 182 35 165
203 231 11 361 75 195 259 142
95 161 14 26 83 58 134 19
73 170 153 186 86 56 110 82
256 118 147 273 225 118 18 91
76 8 56 37 42 22 42 55
90 106 153 151 195 40 203 11
9 5 21 40 12 35 30 6
77 135 68 133 300 166 213 8
54 228 256 108 210 197 9 253
115 238 229 181 204 57 101 124
14 40 2 38 13 15 17 44
98 121 9 12 121 32 114 114
14 50 37 39 44 17 39 44
85 126 180 13 146 96 131 150
7 207 79 5 50 45 126 6
84 60 57 5 70 17 40 5
4 96 200 261 199 309 156 330
103 93 16 101 45 62 116 74
49 106 189 82 108 83 98 209
77 11 46 40 72 63 3 70
90 63 87 2 121 26 132 150
98 47 35 132 46 62 109 7
185 156 128 61 64 58 137 57
13 95 46 23 33 13 68 9
