25
10
400 92 131 372 102 277 165 216 182 177 334 129 118 143 124 146 351 192 205 215 253 152 356 78 75
211 280 174 102 166 220 39 371 66 218
53 65 36 56 37 0 68 77 7 33
83 65 16 102 106 32 106 119 72 29
338 235 29 104 364 239 92 177 191 227
61 10 75 94 36 53 101 29 30 57
145 201 255 200 246 15 243 172 223 85
11 54 68 147 52 116 56 36 98 95
178 75 142 138 108 41 142 37 175 165
128 131 171 38 115 173 167 93 29 157
106 123 163 148 27 46 152 171 49 97
111 305 43 166 309 170 105 142 180 192
18 100 100 102 0 70 10 60 21 118
29 66 113 12 113 35 36 86 74 64
70 11 81 64 24 6 0 141 1 88
27 99 36 113 77 4 92 60 74 123
133 19 55 129 95 56 109 77 137 38
61 65 252 335 147 240 140 122 167 37
118 130 6 2 170 10 4 36 97 73
141 50 179 32 40 117 89 179 19 70
90 17 91 188 125 114 129 123 113 58
62 246 228 93 94 32 68 4 166 86
117 30 123 148 124 108 5 63 25 37
68 296 332 352 112 162 15 153 319 245
53 23 11 29 57 14 31 19 11 15
68 65 34 59 27 67 65 16 11 68
