25
10
100 92 31 72 2 77 65 16 82 77 34 29 18 43 24 46 51 92 5 15 53 52 56 78 75
11 80 74 2 66 20 39 71 66 18
53 65 36 56 37 0 68 77 7 33
24 16 4 2 30 18 12 11 6 28
14 7 41 32 4 47 8 33 59 23
1 0 0 0 1 1 0 1 0 1
38 75 12 10 47 14 3 25 58 20
1 14 23 7 42 41 36 26 8 50
3 11 11 5 7 8 3 15 5 11
68 7 79 0 35 81 51 79 39 3
37 38 65 65 71 17 57 42 11 5
27 17 25 10 19 26 15 12 22 26
25 25 11 5 24 0 14 9 20 16
9 8 15 0 13 7 6 12 16 10
33 14 11 31 3 18 31 35 17 16
7 23 8 21 9 4 20 4 22 23
43 27 25 29 35 26 9 21 5 24
22 38 30 23 33 30 44 23 44 37
26 82 6 82 86 90 8 28 21 5
1 0 4 2 0 2 4 4 4 0
5 7 1 8 0 9 14 13 3 8
5 21 19 19 39 29 10 22 14 42
21 10 39 44 24 20 45 35 9 41
36 28 36 12 24 34 19 13 31 17
53 23 11 29 57 14 31 19 11 15
68 65 34 59 27 67 65 16 11 68
