25
6
600 113 108 152 71 216 224 77 283 36 406 234 196 587 309 43 544 203 96 35 596 582 569 174 315
241 57 175 405 271 499
65 46 44 74 10 19
62 10 84 63 66 3
76 136 12 52 39 57
43 35 39 15 30 60
63 79 196 205 190 89
43 159 202 2 98 89
15 72 15 20 47 11
247 22 276 85 5 5
22 24 5 12 25 2
388 243 299 277 334 104
121 73 199 113 189 10
87 41 129 116 125 47
199 424 297 429 471 374
52 240 4 0 227 224
7 31 18 15 35 32
507 84 285 459 41 292
16 195 19 18 29 65
12 25 31 93 37 83
23 26 29 4 16 10
484 312 452 38 397 32
196 187 391 484 379 179
507 185 143 389 193 181
123 60 57 149 6 19
229 113 89 151 257 129
