25
6
200 85 161 62 136 55 131 36 58 156 38 186 72 92 187 82 137 4 105 75 67 153 118 36 176
158 164 165 185 147 61
51 65 21 43 61 1
144 82 142 155 40 46
33 35 26 35 19 7
22 89 95 71 88 103
6 25 40 18 12 19
56 27 58 102 117 122
20 22 12 28 4 33
46 50 32 37 54 38
117 78 151 152 19 65
2 17 19 34 18 3
37 84 5 10 5 149
35 0 71 46 29 62
48 6 38 77 60 14
71 174 125 144 180 152
54 6 56 4 58 10
19 89 61 106 95 9
3 2 3 1 3 2
49 24 87 49 102 50
31 31 44 0 41 1
28 50 32 23 41 17
96 138 38 112 144 51
81 4 57 4 1 4
35 30 10 28 29 2
165 69 142 39 84 43
