25
10
400 96 14 132 250 179 170 202 129 278 296 201 365 63 177 66 44 179 244 234 279 364 370 182 382
162 372 113 305 346 0 397 299 185 82
20 57 51 53 42 25 36 51 81 94
6 0 4 2 3 5 1 2 2 4
113 76 85 72 31 121 13 6 90 22
62 160 245 208 111 160 241 135 110 182
165 111 0 98 157 91 18 127 161 96
129 102 38 120 165 118 9 67 73 15
176 130 198 147 168 91 122 187 159 194
70 105 34 6 3 69 34 83 91 106
193 44 64 129 4 39 249 173 248 220
114 254 25 217 218 204 58 125 200 206
103 40 31 196 60 118 83 150 8 128
235 201 316 217 230 148 84 33 173 279
20 40 0 22 61 20 54 3 44 1
167 148 78 82 135 98 73 76 8 12
63 3 65 29 54 35 57 29 58 26
43 38 12 6 34 33 9 8 16 3
91 172 85 178 23 132 34 136 7 31
110 52 43 58 149 17 218 156 56 41
203 51 142 66 113 34 36 13 117 193
259 82 37 171 133 36 84 123 266 107
66 167 28 361 361 87 304 5 71 261
198 292 184 368 168 291 100 203 262 186
175 5 124 139 39 52 16 83 11 141
115 117 247 341 362 146 238 210 357 118
