25
8
100 74 88 31 42 80 74 56 22 81 31 99 19 67 39 97 95 65 28 43 48 23 38 45 97
37 92 60 62 19 75 37 65
28 59 22 45 39 14 53 4
23 14 60 62 58 84 59 5
23 30 6 3 10 26 27 15
25 15 25 40 31 20 33 34
41 61 73 12 15 55 0 68
51 34 23 42 9 50 16 39
24 30 7 30 31 13 39 16
5 12 13 5 8 17 20 5
13 69 17 25 77 2 52 8
26 15 6 25 9 21 6 26
75 14 84 93 49 10 1 69
10 10 6 0 18 7 8 14
30 10 41 11 47 25 46 35
38 32 19 7 34 14 16 0
18 64 47 77 3 61 58 26
4 38 4 59 37 76 61 1
33 22 48 45 19 21 53 20
5 24 21 1 5 13 8 13
31 33 39 34 32 28 34 25
19 34 25 35 29 19 32 45
8 9 15 3 0 2 10 15
14 36 37 7 29 27 14 34
6 15 3 39 5 28 30 42
61 91 83 8 82 2 68 35
