25
10
600 292 131 372 302 477 165 416 182 377 134 129 318 343 124 546 151 592 205 215 53 552 556 278 75
11 480 574 102 566 220 239 171 266 18
229 33 288 92 177 120 52 117 187 117
83 65 16 102 106 32 106 119 72 29
338 235 29 104 364 239 92 177 191 227
59 284 103 170 248 49 235 79 282 237
473 146 267 192 10 454 52 352 150 456
11 54 68 147 52 116 56 36 98 95
370 131 342 106 28 289 62 333 15 117
128 131 171 38 115 173 167 93 29 157
267 265 29 16 352 213 99 128 350 61
111 47 57 4 129 88 45 84 16 82
18 100 100 102 0 70 10 60 21 118
273 212 93 216 181 55 162 66 46 64
164 101 60 201 34 298 77 301 327 238
27 99 36 113 77 4 92 60 74 123
265 179 15 81 533 48 219 265 135 524
138 121 55 121 61 13 81 146 83 75
182 546 166 530 570 90 148 324 225 505
141 50 179 32 40 117 89 179 19 70
90 17 91 188 125 114 129 123 113 58
5 21 19 19 39 29 10 22 14 42
293 110 315 460 444 196 429 223 41 141
280 320 352 180 548 78 123 553 363 389
219 173 243 73 207 176 49 151 99 257
68 65 34 59 27 67 65 16 11 68
