25
6
400 179 334 125 43 268 170 329 315 8 323 320 362 382 150 228 150 294 369 385 174 188 38 366 350
380 88 274 65 257 323
173 50 84 3 72 97
308 62 228 183 186 255
75 75 122 104 105 16
31 41 41 28 35 13
18 106 1 159 26 15
43 118 69 60 145 58
188 206 202 201 23 275
308 277 31 244 217 169
0 1 2 0 0 6
153 216 269 45 132 238
90 6 18 11 211 255
320 193 222 313 237 114
162 197 161 349 147 312
36 63 141 133 79 108
149 117 183 8 117 205
89 27 11 36 129 102
277 244 169 15 216 173
14 52 211 136 21 243
220 5 62 158 291 103
172 61 127 111 142 36
127 83 131 160 66 27
29 13 13 37 35 7
339 358 298 351 289 75
98 156 223 340 215 134
