25
10
400 188 391 238 186 144 239 77 154 72 396 245 230 229 195 6 377 278 50 195 112 119 42 57 250
85 323 108 91 210 340 209 81 274 203
138 163 4 99 174 113 145 29 33 1
12 43 9 350 203 191 311 361 41 205
113 233 29 144 200 203 223 36 180 68
168 39 36 141 40 23 25 177 184 182
5 40 52 95 21 4 26 91 99 129
79 62 174 88 141 122 48 58 38 225
52 21 53 48 62 42 50 38 24 50
35 133 134 150 80 79 85 20 9 108
20 65 64 69 57 28 0 27 49 21
205 43 279 132 92 371 263 297 70 280
24 47 163 54 39 244 9 231 44 69
134 1 179 36 137 129 172 71 33 187
10 142 183 57 118 210 43 97 33 75
17 100 193 180 1 30 137 141 43 165
5 4 3 1 0 0 2 3 0 2
120 349 373 207 265 231 151 192 86 281
251 59 88 21 163 120 200 211 261 42
24 18 24 3 34 41 17 24 14 1
97 132 109 185 27 158 169 189 39 175
28 54 87 64 40 65 2 60 89 62
38 46 50 13 31 81 20 11 52 65
29 5 17 37 25 12 9 29 6 18
44 30 33 49 3 32 43 49 37 52
162 164 36 215 114 59 242 220 33 111
