25
5
400 382 349 247 207 67 80 319 177 320 10 61 381 148 121 286 35 373 280 368 343 282 132 10 389
117 367 87 286 209
52 333 323 96 239
3 102 275 145 201
88 26 25 145 131
133 177 157 204 195
47 53 37 35 9
21 19 19 23 28
166 284 288 266 292
170 69 79 99 136
134 180 264 223 267
5 5 3 4 9
23 27 40 39 49
346 276 41 304 91
28 145 25 23 113
35 119 9 20 112
188 167 13 258 116
24 13 10 20 8
225 37 242 194 118
201 248 52 11 234
316 90 27 89 52
64 278 285 276 256
98 126 7 195 248
56 104 121 33 73
4 0 0 1 2
12 227 96 310 157
