25
10
100 11 69 94 84 31 55 48 45 8 36 40 33 69 20 82 7 95 96 45 11 63 36 29 34
79 24 62 99 18 96 14 72 32 15
7 10 8 9 0 0 2 7 3 2
31 42 23 61 4 4 6 53 48 29
18 11 45 54 73 27 8 68 1 61
14 3 22 73 35 54 3 69 77 61
29 18 1 24 28 12 1 14 27 9
23 18 26 12 24 44 3 40 50 0
24 4 1 27 22 25 21 12 25 37
19 36 39 39 11 34 5 24 26 17
3 4 0 2 0 5 3 6 2 5
26 33 17 6 8 19 26 2 15 22
5 6 28 39 21 1 18 23 3 24
15 6 15 5 8 6 18 17 15 11
11 55 39 2 53 58 29 54 47 54
7 8 9 18 4 16 14 16 12 7
51 58 38 20 31 61 28 19 45 3
0 4 6 1 0 5 1 1 2 5
39 19 1 53 22 41 16 71 31 29
42 74 82 24 71 54 10 95 14 94
37 10 30 42 40 19 11 23 38 11
6 4 10 2 6 6 8 7 1 3
34 17 0 6 42 8 15 14 24 24
21 26 29 14 34 32 12 17 17 32
16 5 28 13 18 14 10 3 14 9
15 21 1 30 12 30 22 15 4 12
